0.000000000 6.061256640e-01
0.020000000 6.061131140e-01
0.040000000 6.060754580e-01
0.060000000 6.060126800e-01
0.080000000 6.059247530e-01
0.100000000 6.058116380e-01
0.120000000 6.056732840e-01
0.140000000 6.055096330e-01
0.160000000 6.053206120e-01
0.180000000 6.051061380e-01
0.200000000 6.048661170e-01
0.220000000 6.046004430e-01
0.240000000 6.043090010e-01
0.260000000 6.039916620e-01
0.280000000 6.036482880e-01
0.300000000 6.032787260e-01
0.320000000 6.028828150e-01
0.340000000 6.024603810e-01
0.360000000 6.020112370e-01
0.380000000 6.015351870e-01
0.400000000 6.010320200e-01
0.420000000 6.005015150e-01
0.440000000 5.999434390e-01
0.460000000 5.993575440e-01
0.480000000 5.987435740e-01
0.500000000 5.981012560e-01
0.520000000 5.974303080e-01
0.540000000 5.967304340e-01
0.560000000 5.960013250e-01
0.580000000 5.952426580e-01
0.600000000 5.944541000e-01
0.620000000 5.936353020e-01
0.640000000 5.927859020e-01
0.660000000 5.919055260e-01
0.680000000 5.909937870e-01
0.700000000 5.900502820e-01
0.720000000 5.890745960e-01
0.740000000 5.880663000e-01
0.760000000 5.870249510e-01
0.780000000 5.859500920e-01
0.800000000 5.848412530e-01
0.820000000 5.836979500e-01
0.840000000 5.825196840e-01
0.860000000 5.813059420e-01
0.880000000 5.800561990e-01
0.900000000 5.787699160e-01
0.920000000 5.774465380e-01
0.940000000 5.760854980e-01
0.960000000 5.746862180e-01
0.980000000 5.732481030e-01
1.000000000 5.717705480e-01
1.020000000 5.702529350e-01
1.040000000 5.686946330e-01
1.060000000 5.670950010e-01
1.080000000 5.654533870e-01
1.100000000 5.637691280e-01
1.120000000 5.620415520e-01
1.140000000 5.602699790e-01
1.160000000 5.584537190e-01
1.180000000 5.565920800e-01
1.200000000 5.546843590e-01
1.220000000 5.527298540e-01
1.240000000 5.507278580e-01
1.260000000 5.486776650e-01
1.280000000 5.465785670e-01
1.300000000 5.444298620e-01
1.320000000 5.422308540e-01
1.340000000 5.399808520e-01
1.360000000 5.376791790e-01
1.380000000 5.353251690e-01
1.400000000 5.329181750e-01
1.420000000 5.304575680e-01
1.440000000 5.279427460e-01
1.460000000 5.253731320e-01
1.480000000 5.227481840e-01
1.500000000 5.200673940e-01
1.520000000 5.173303000e-01
1.540000000 5.145364830e-01
1.560000000 5.116855790e-01
1.580000000 5.087772800e-01
1.600000000 5.058113450e-01
1.620000000 5.027875990e-01
1.640000000 4.997059460e-01
1.660000000 4.965663730e-01
1.680000000 4.933689560e-01
1.700000000 4.901138650e-01
1.720000000 4.868013730e-01
1.740000000 4.834318640e-01
1.760000000 4.800058330e-01
1.780000000 4.765238970e-01
1.800000000 4.729868000e-01
1.820000000 4.693954140e-01
1.840000000 4.657507480e-01
1.860000000 4.620539490e-01
1.880000000 4.583063050e-01
1.900000000 4.545092470e-01
1.920000000 4.506643490e-01
1.940000000 4.467733300e-01
1.960000000 4.428380490e-01
1.980000000 4.388605020e-01
2.000000000 4.348428230e-01
2.020000000 4.307872710e-01
2.040000000 4.266962290e-01
2.060000000 4.225721940e-01
2.080000000 4.184177660e-01
2.100000000 4.142356380e-01
2.120000000 4.100285870e-01
2.140000000 4.057994600e-01
2.160000000 4.015511570e-01
2.180000000 3.972866250e-01
2.200000000 3.930088380e-01
2.220000000 3.887207850e-01
2.240000000 3.844254560e-01
2.260000000 3.801258250e-01
2.280000000 3.758248420e-01
2.300000000 3.715254150e-01
2.320000000 3.672303990e-01
2.340000000 3.629425860e-01
2.360000000 3.586646940e-01
2.380000000 3.543993550e-01
2.400000000 3.501491090e-01
2.420000000 3.459163960e-01
2.440000000 3.417035510e-01
2.460000000 3.375127960e-01
2.480000000 3.333462390e-01
2.500000000 3.292058690e-01
2.520000000 3.250935580e-01
2.540000000 3.210110530e-01
2.560000000 3.169599850e-01
2.580000000 3.129418600e-01
2.600000000 3.089580710e-01
2.620000000 3.050098910e-01
2.640000000 3.010984810e-01
2.660000000 2.972248910e-01
2.680000000 2.933900640e-01
2.700000000 2.895948420e-01
2.720000000 2.858399670e-01
2.740000000 2.821260850e-01
2.760000000 2.784537560e-01
2.780000000 2.748234500e-01
2.800000000 2.712355610e-01
2.820000000 2.676904020e-01
2.840000000 2.641882170e-01
2.860000000 2.607291830e-01
2.880000000 2.573134130e-01
2.900000000 2.539409610e-01
2.920000000 2.506118280e-01
2.940000000 2.473259630e-01
2.960000000 2.440832680e-01
2.980000000 2.408836040e-01
3.000000000 2.377267890e-01
3.020000000 2.346126070e-01
3.040000000 2.315408090e-01
3.060000000 2.285111130e-01
3.080000000 2.255232120e-01
3.100000000 2.225767740e-01
3.120000000 2.196714430e-01
3.140000000 2.168068440e-01
3.160000000 2.139825840e-01
3.180000000 2.111982550e-01
3.200000000 2.084534330e-01
3.220000000 2.057476830e-01
3.240000000 2.030805600e-01
3.260000000 2.004516090e-01
3.280000000 1.978603660e-01
3.300000000 1.953063640e-01
3.320000000 1.927891270e-01
3.340000000 1.903081790e-01
3.360000000 1.878630370e-01
3.380000000 1.854532190e-01
3.400000000 1.830782390e-01
3.420000000 1.807376130e-01
3.440000000 1.784308560e-01
3.460000000 1.761574840e-01
3.480000000 1.739170140e-01
3.500000000 1.717089660e-01
3.520000000 1.695328630e-01
3.540000000 1.673882280e-01
3.560000000 1.652745900e-01
3.580000000 1.631914820e-01
3.600000000 1.611384390e-01
3.620000000 1.591150020e-01
3.640000000 1.571207160e-01
3.660000000 1.551551310e-01
3.680000000 1.532178010e-01
3.700000000 1.513082860e-01
3.720000000 1.494261520e-01
3.740000000 1.475709690e-01
3.760000000 1.457423130e-01
3.780000000 1.439397660e-01
3.800000000 1.421629150e-01
3.820000000 1.404113540e-01
3.840000000 1.386846810e-01
3.860000000 1.369825020e-01
3.880000000 1.353044270e-01
3.900000000 1.336500720e-01
3.920000000 1.320190600e-01
3.940000000 1.304110180e-01
3.960000000 1.288255810e-01
3.980000000 1.272623890e-01
4.000000000 1.257210860e-01
4.020000000 1.242013240e-01
4.040000000 1.227027600e-01
4.060000000 1.212250560e-01
4.080000000 1.197678810e-01
4.100000000 1.183309060e-01
4.120000000 1.169138130e-01
4.140000000 1.155162840e-01
4.160000000 1.141380090e-01
4.180000000 1.127786850e-01
4.200000000 1.114380090e-01
4.220000000 1.101156880e-01
4.240000000 1.088114330e-01
4.260000000 1.075249570e-01
4.280000000 1.062559820e-01
4.300000000 1.050042320e-01
4.320000000 1.037694370e-01
4.340000000 1.025513320e-01
4.360000000 1.013496550e-01
4.380000000 1.001641500e-01
4.400000000 9.899456500e-02
4.420000000 9.784065200e-02
4.440000000 9.670216900e-02
4.460000000 9.557887500e-02
4.480000000 9.447053700e-02
4.500000000 9.337692300e-02
4.520000000 9.229780600e-02
4.540000000 9.123296500e-02
4.560000000 9.018217900e-02
4.580000000 8.914523400e-02
4.600000000 8.812191800e-02
4.620000000 8.711202300e-02
4.640000000 8.611534600e-02
4.660000000 8.513168600e-02
4.680000000 8.416084500e-02
4.700000000 8.320263100e-02
4.720000000 8.225685300e-02
4.740000000 8.132332300e-02
4.760000000 8.040185800e-02
4.780000000 7.949227800e-02
4.800000000 7.859440400e-02
4.820000000 7.770806200e-02
4.840000000 7.683308200e-02
4.860000000 7.596929300e-02
4.880000000 7.511653200e-02
4.900000000 7.427463400e-02
4.920000000 7.344343900e-02
4.940000000 7.262279100e-02
4.960000000 7.181253500e-02
4.980000000 7.101251800e-02
5.000000000 7.022259200e-02
5.020000000 6.944260800e-02
5.040000000 6.867242300e-02
5.060000000 6.791189500e-02
5.080000000 6.716088400e-02
5.100000000 6.641925200e-02
5.120000000 6.568686500e-02
5.140000000 6.496359000e-02
5.160000000 6.424929600e-02
5.180000000 6.354385500e-02
5.200000000 6.284714000e-02
5.220000000 6.215902800e-02
5.240000000 6.147939500e-02
5.260000000 6.080812300e-02
5.280000000 6.014509300e-02
5.300000000 5.949018700e-02
5.320000000 5.884329400e-02
5.340000000 5.820429900e-02
5.360000000 5.757309100e-02
5.380000000 5.694956400e-02
5.400000000 5.633360800e-02
5.420000000 5.572511900e-02
5.440000000 5.512399300e-02
5.460000000 5.453012800e-02
5.480000000 5.394342300e-02
5.500000000 5.336378100e-02
5.520000000 5.279110300e-02
5.540000000 5.222529500e-02
5.560000000 5.166626100e-02
5.580000000 5.111391000e-02
5.600000000 5.056815000e-02
5.620000000 5.002889100e-02
5.640000000 4.949604500e-02
5.660000000 4.896952500e-02
5.680000000 4.844924600e-02
5.700000000 4.793512300e-02
5.720000000 4.742707400e-02
5.740000000 4.692501600e-02
5.760000000 4.642887000e-02
5.780000000 4.593855600e-02
5.800000000 4.545399600e-02
5.820000000 4.497511400e-02
5.840000000 4.450183400e-02
5.860000000 4.403408100e-02
5.880000000 4.357178300e-02
5.900000000 4.311486700e-02
5.920000000 4.266326300e-02
5.940000000 4.221690000e-02
5.960000000 4.177571000e-02
5.980000000 4.133962400e-02
6.000000000 4.090857600e-02
6.020000000 4.048250000e-02
6.040000000 4.006133100e-02
6.060000000 3.964500500e-02
6.080000000 3.923346000e-02
6.100000000 3.882663300e-02
6.120000000 3.842446300e-02
6.140000000 3.802689100e-02
6.160000000 3.763385600e-02
6.180000000 3.724530200e-02
6.200000000 3.686116900e-02
6.220000000 3.648140200e-02
6.240000000 3.610594400e-02
6.260000000 3.573474000e-02
6.280000000 3.536773700e-02
6.300000000 3.500488100e-02
6.320000000 3.464611900e-02
6.340000000 3.429140000e-02
6.360000000 3.394067100e-02
6.380000000 3.359388400e-02
6.400000000 3.325098700e-02
6.420000000 3.291193300e-02
6.440000000 3.257667200e-02
6.460000000 3.224515800e-02
6.480000000 3.191734400e-02
6.500000000 3.159318200e-02
6.520000000 3.127262800e-02
6.540000000 3.095563700e-02
6.560000000 3.064216400e-02
6.580000000 3.033216600e-02
6.600000000 3.002560000e-02
6.620000000 2.972242300e-02
6.640000000 2.942259400e-02
6.660000000 2.912607100e-02
6.680000000 2.883281300e-02
6.700000000 2.854278100e-02
6.720000000 2.825593500e-02
6.740000000 2.797223600e-02
6.760000000 2.769164500e-02
6.780000000 2.741412500e-02
6.800000000 2.713963800e-02
6.820000000 2.686814700e-02
6.840000000 2.659961600e-02
6.860000000 2.633400900e-02
6.880000000 2.607129100e-02
6.900000000 2.581142700e-02
6.920000000 2.555438100e-02
6.940000000 2.530012100e-02
6.960000000 2.504861300e-02
6.980000000 2.479982400e-02
7.000000000 2.455372100e-02
7.020000000 2.431027200e-02
7.040000000 2.406944600e-02
7.060000000 2.383121100e-02
7.080000000 2.359553500e-02
7.100000000 2.336239000e-02
7.120000000 2.313174400e-02
7.140000000 2.290356800e-02
7.160000000 2.267783400e-02
7.180000000 2.245451100e-02
7.200000000 2.223357100e-02
7.220000000 2.201498700e-02
7.240000000 2.179873100e-02
7.260000000 2.158477500e-02
7.280000000 2.137309200e-02
7.300000000 2.116365600e-02
7.320000000 2.095644100e-02
7.340000000 2.075142000e-02
7.360000000 2.054856700e-02
7.380000000 2.034785800e-02
7.400000000 2.014926800e-02
7.420000000 1.995277200e-02
7.440000000 1.975834500e-02
7.460000000 1.956596500e-02
7.480000000 1.937560600e-02
7.500000000 1.918724600e-02
7.520000000 1.900086100e-02
7.540000000 1.881643000e-02
7.560000000 1.863392900e-02
7.580000000 1.845333600e-02
7.600000000 1.827462900e-02
7.620000000 1.809778700e-02
7.640000000 1.792278900e-02
7.660000000 1.774961200e-02
7.680000000 1.757823700e-02
7.700000000 1.740864400e-02
7.720000000 1.724081000e-02
7.740000000 1.707471800e-02
7.760000000 1.691034600e-02
7.780000000 1.674767600e-02
7.800000000 1.658668800e-02
7.820000000 1.642736300e-02
7.840000000 1.626968200e-02
7.860000000 1.611362700e-02
7.880000000 1.595918000e-02
7.900000000 1.580632200e-02
7.920000000 1.565503500e-02
7.940000000 1.550530200e-02
7.960000000 1.535710600e-02
7.980000000 1.521042900e-02
8.000000000 1.506525400e-02
8.020000000 1.492156500e-02
8.040000000 1.477934400e-02
8.060000000 1.463857600e-02
8.080000000 1.449924500e-02
8.100000000 1.436133300e-02
8.120000000 1.422482700e-02
8.140000000 1.408970900e-02
8.160000000 1.395596500e-02
8.180000000 1.382358000e-02
8.200000000 1.369253800e-02
8.220000000 1.356282500e-02
8.240000000 1.343442600e-02
8.260000000 1.330732600e-02
8.280000000 1.318151200e-02
8.300000000 1.305696900e-02
8.320000000 1.293368300e-02
8.340000000 1.281164000e-02
8.360000000 1.269082700e-02
8.380000000 1.257123100e-02
8.400000000 1.245283700e-02
8.420000000 1.233563400e-02
8.440000000 1.221960700e-02
8.460000000 1.210474500e-02
8.480000000 1.199103400e-02
8.500000000 1.187846200e-02
8.520000000 1.176701700e-02
8.540000000 1.165668600e-02
8.560000000 1.154745800e-02
8.580000000 1.143932000e-02
8.600000000 1.133226100e-02
8.620000000 1.122626900e-02
8.640000000 1.112133300e-02
8.660000000 1.101744000e-02
8.680000000 1.091458100e-02
8.700000000 1.081274300e-02
8.720000000 1.071191700e-02
8.740000000 1.061209000e-02
8.760000000 1.051325300e-02
8.780000000 1.041539400e-02
8.800000000 1.031850400e-02
8.820000000 1.022257200e-02
8.840000000 1.012758700e-02
8.860000000 1.003354000e-02
8.880000000 9.940421000e-03
8.900000000 9.848220000e-03
8.920000000 9.756927000e-03
8.940000000 9.666532000e-03
8.960000000 9.577026000e-03
8.980000000 9.488399000e-03
9.000000000 9.400643000e-03
9.020000000 9.313748000e-03
9.040000000 9.227704000e-03
9.060000000 9.142504000e-03
9.080000000 9.058137000e-03
9.100000000 8.974596000e-03
9.120000000 8.891872000e-03
9.140000000 8.809955000e-03
9.160000000 8.728838000e-03
9.180000000 8.648512000e-03
9.200000000 8.568969000e-03
9.220000000 8.490200000e-03
9.240000000 8.412198000e-03
9.260000000 8.334955000e-03
9.280000000 8.258462000e-03
9.300000000 8.182712000e-03
9.320000000 8.107697000e-03
9.340000000 8.033410000e-03
9.360000000 7.959842000e-03
9.380000000 7.886987000e-03
9.400000000 7.814837000e-03
9.420000000 7.743384000e-03
9.440000000 7.672622000e-03
9.460000000 7.602543000e-03
9.480000000 7.533140000e-03
9.500000000 7.464407000e-03
9.520000000 7.396336000e-03
9.540000000 7.328920000e-03
9.560000000 7.262153000e-03
9.580000000 7.196029000e-03
9.600000000 7.130539000e-03
9.620000000 7.065679000e-03
9.640000000 7.001441000e-03
9.660000000 6.937819000e-03
9.680000000 6.874807000e-03
9.700000000 6.812399000e-03
9.720000000 6.750588000e-03
9.740000000 6.689368000e-03
9.760000000 6.628734000e-03
9.780000000 6.568678000e-03
9.800000000 6.509196000e-03
9.820000000 6.450282000e-03
9.840000000 6.391929000e-03
9.860000000 6.334132000e-03
9.880000000 6.276886000e-03
9.900000000 6.220184000e-03
9.920000000 6.164022000e-03
9.940000000 6.108393000e-03
9.960000000 6.053293000e-03
9.980000000 5.998716000e-03
10.000000000 5.944656000e-03
10.020000000 5.891109000e-03
10.040000000 5.838069000e-03
10.060000000 5.785532000e-03
10.080000000 5.733492000e-03
10.100000000 5.681943000e-03
10.120000000 5.630882000e-03
10.140000000 5.580304000e-03
10.160000000 5.530202000e-03
10.180000000 5.480574000e-03
10.200000000 5.431413000e-03
10.220000000 5.382716000e-03
10.240000000 5.334477000e-03
10.260000000 5.286692000e-03
10.280000000 5.239356000e-03
10.300000000 5.192466000e-03
10.320000000 5.146016000e-03
10.340000000 5.100002000e-03
10.360000000 5.054420000e-03
10.380000000 5.009265000e-03
10.400000000 4.964534000e-03
10.420000000 4.920221000e-03
10.440000000 4.876324000e-03
10.460000000 4.832837000e-03
10.480000000 4.789757000e-03
10.500000000 4.747079000e-03
10.520000000 4.704800000e-03
10.540000000 4.662916000e-03
10.560000000 4.621423000e-03
10.580000000 4.580316000e-03
10.600000000 4.539592000e-03
10.620000000 4.499248000e-03
10.640000000 4.459280000e-03
10.660000000 4.419683000e-03
10.680000000 4.380454000e-03
10.700000000 4.341590000e-03
10.720000000 4.303087000e-03
10.740000000 4.264941000e-03
10.760000000 4.227150000e-03
10.780000000 4.189709000e-03
10.800000000 4.152614000e-03
10.820000000 4.115864000e-03
10.840000000 4.079453000e-03
10.860000000 4.043380000e-03
10.880000000 4.007640000e-03
10.900000000 3.972230000e-03
10.920000000 3.937148000e-03
10.940000000 3.902389000e-03
10.960000000 3.867952000e-03
10.980000000 3.833832000e-03
11.000000000 3.800026000e-03
11.020000000 3.766532000e-03
11.040000000 3.733347000e-03
11.060000000 3.700467000e-03
11.080000000 3.667889000e-03
11.100000000 3.635611000e-03
11.120000000 3.603629000e-03
11.140000000 3.571942000e-03
11.160000000 3.540545000e-03
11.180000000 3.509436000e-03
11.200000000 3.478613000e-03
11.220000000 3.448072000e-03
11.240000000 3.417811000e-03
11.260000000 3.387828000e-03
11.280000000 3.358118000e-03
11.300000000 3.328681000e-03
11.320000000 3.299512000e-03
11.340000000 3.270611000e-03
11.360000000 3.241973000e-03
11.380000000 3.213596000e-03
11.400000000 3.185479000e-03
11.420000000 3.157618000e-03
11.440000000 3.130011000e-03
11.460000000 3.102656000e-03
11.480000000 3.075550000e-03
11.500000000 3.048691000e-03
11.520000000 3.022076000e-03
11.540000000 2.995703000e-03
11.560000000 2.969570000e-03
11.580000000 2.943674000e-03
11.600000000 2.918014000e-03
11.620000000 2.892586000e-03
11.640000000 2.867390000e-03
11.660000000 2.842421000e-03
11.680000000 2.817680000e-03
11.700000000 2.793162000e-03
11.720000000 2.768866000e-03
11.740000000 2.744790000e-03
11.760000000 2.720933000e-03
11.780000000 2.697291000e-03
11.800000000 2.673862000e-03
11.820000000 2.650645000e-03
11.840000000 2.627639000e-03
11.860000000 2.604839000e-03
11.880000000 2.582246000e-03
11.900000000 2.559856000e-03
11.920000000 2.537668000e-03
11.940000000 2.515680000e-03
11.960000000 2.493890000e-03
11.980000000 2.472297000e-03
12.000000000 2.450897000e-03
12.020000000 2.429690000e-03
12.040000000 2.408674000e-03
12.060000000 2.387847000e-03
12.080000000 2.367207000e-03
12.100000000 2.346752000e-03
12.120000000 2.326480000e-03
12.140000000 2.306391000e-03
12.160000000 2.286482000e-03
12.180000000 2.266751000e-03
12.200000000 2.247197000e-03
12.220000000 2.227818000e-03
12.240000000 2.208613000e-03
12.260000000 2.189579000e-03
12.280000000 2.170716000e-03
12.300000000 2.152022000e-03
12.320000000 2.133494000e-03
12.340000000 2.115132000e-03
12.360000000 2.096934000e-03
12.380000000 2.078899000e-03
12.400000000 2.061024000e-03
12.420000000 2.043309000e-03
12.440000000 2.025752000e-03
12.460000000 2.008351000e-03
12.480000000 1.991105000e-03
12.500000000 1.974013000e-03
12.520000000 1.957072000e-03
12.540000000 1.940283000e-03
12.560000000 1.923643000e-03
12.580000000 1.907151000e-03
12.600000000 1.890805000e-03
12.620000000 1.874605000e-03
12.640000000 1.858548000e-03
12.660000000 1.842634000e-03
12.680000000 1.826861000e-03
12.700000000 1.811228000e-03
12.720000000 1.795733000e-03
12.740000000 1.780376000e-03
12.760000000 1.765155000e-03
12.780000000 1.750069000e-03
12.800000000 1.735116000e-03
12.820000000 1.720295000e-03
12.840000000 1.705606000e-03
12.860000000 1.691046000e-03
12.880000000 1.676615000e-03
12.900000000 1.662311000e-03
12.920000000 1.648134000e-03
12.940000000 1.634082000e-03
12.960000000 1.620154000e-03
12.980000000 1.606349000e-03
13.000000000 1.592665000e-03
13.020000000 1.579102000e-03
13.040000000 1.565659000e-03
13.060000000 1.552334000e-03
13.080000000 1.539126000e-03
13.100000000 1.526034000e-03
13.120000000 1.513058000e-03
13.140000000 1.500196000e-03
13.160000000 1.487446000e-03
13.180000000 1.474809000e-03
13.200000000 1.462283000e-03
13.220000000 1.449867000e-03
13.240000000 1.437559000e-03
13.260000000 1.425360000e-03
13.280000000 1.413268000e-03
13.300000000 1.401281000e-03
13.320000000 1.389400000e-03
13.340000000 1.377623000e-03
13.360000000 1.365949000e-03
13.380000000 1.354377000e-03
13.400000000 1.342907000e-03
13.420000000 1.331537000e-03
13.440000000 1.320266000e-03
13.460000000 1.309094000e-03
13.480000000 1.298019000e-03
13.500000000 1.287041000e-03
13.520000000 1.276159000e-03
13.540000000 1.265372000e-03
13.560000000 1.254679000e-03
13.580000000 1.244080000e-03
13.600000000 1.233573000e-03
13.620000000 1.223157000e-03
13.640000000 1.212832000e-03
13.660000000 1.202598000e-03
13.680000000 1.192452000e-03
13.700000000 1.182395000e-03
13.720000000 1.172425000e-03
13.740000000 1.162542000e-03
13.760000000 1.152744000e-03
13.780000000 1.143032000e-03
13.800000000 1.133405000e-03
13.820000000 1.123861000e-03
13.840000000 1.114400000e-03
13.860000000 1.105021000e-03
13.880000000 1.095723000e-03
13.900000000 1.086506000e-03
13.920000000 1.077369000e-03
13.940000000 1.068312000e-03
13.960000000 1.059333000e-03
13.980000000 1.050431000e-03
14.000000000 1.041607000e-03
14.020000000 1.032859000e-03
14.040000000 1.024187000e-03
14.060000000 1.015589000e-03
14.080000000 1.007067000e-03
14.100000000 9.986180000e-04
14.120000000 9.902420000e-04
14.140000000 9.819380000e-04
14.160000000 9.737060000e-04
14.180000000 9.655450000e-04
14.200000000 9.574550000e-04
14.220000000 9.494340000e-04
14.240000000 9.414830000e-04
14.260000000 9.336000000e-04
14.280000000 9.257850000e-04
14.300000000 9.180380000e-04
14.320000000 9.103570000e-04
14.340000000 9.027420000e-04
14.360000000 8.951930000e-04
14.380000000 8.877090000e-04
14.400000000 8.802900000e-04
14.420000000 8.729340000e-04
14.440000000 8.656420000e-04
14.460000000 8.584120000e-04
14.480000000 8.512440000e-04
14.500000000 8.441380000e-04
14.520000000 8.370930000e-04
14.540000000 8.301090000e-04
14.560000000 8.231840000e-04
14.580000000 8.163190000e-04
14.600000000 8.095130000e-04
14.620000000 8.027650000e-04
14.640000000 7.960750000e-04
14.660000000 7.894420000e-04
14.680000000 7.828660000e-04
14.700000000 7.763470000e-04
14.720000000 7.698830000e-04
14.740000000 7.634750000e-04
14.760000000 7.571210000e-04
14.780000000 7.508220000e-04
14.800000000 7.445770000e-04
14.820000000 7.383850000e-04
14.840000000 7.322460000e-04
14.860000000 7.261600000e-04
14.880000000 7.201250000e-04
14.900000000 7.141430000e-04
14.920000000 7.082110000e-04
14.940000000 7.023300000e-04
14.960000000 6.964990000e-04
14.980000000 6.907170000e-04
15.000000000 6.849850000e-04
15.020000000 6.793020000e-04
15.040000000 6.736680000e-04
15.060000000 6.680810000e-04
15.080000000 6.625420000e-04
15.100000000 6.570500000e-04
15.120000000 6.516050000e-04
15.140000000 6.462060000e-04
15.160000000 6.408540000e-04
15.180000000 6.355460000e-04
15.200000000 6.302840000e-04
15.220000000 6.250670000e-04
15.240000000 6.198940000e-04
15.260000000 6.147650000e-04
15.280000000 6.096790000e-04
15.300000000 6.046370000e-04
15.320000000 5.996370000e-04
15.340000000 5.946800000e-04
15.360000000 5.897650000e-04
15.380000000 5.848920000e-04
15.400000000 5.800600000e-04
15.420000000 5.752690000e-04
15.440000000 5.705180000e-04
15.460000000 5.658080000e-04
15.480000000 5.611380000e-04
15.500000000 5.565070000e-04
15.520000000 5.519160000e-04
15.540000000 5.473630000e-04
15.560000000 5.428490000e-04
15.580000000 5.383730000e-04
15.600000000 5.339350000e-04
15.620000000 5.295340000e-04
15.640000000 5.251710000e-04
15.660000000 5.208450000e-04
15.680000000 5.165550000e-04
15.700000000 5.123010000e-04
15.720000000 5.080830000e-04
15.740000000 5.039010000e-04
15.760000000 4.997540000e-04
15.780000000 4.956420000e-04
15.800000000 4.915650000e-04
15.820000000 4.875220000e-04
15.840000000 4.835140000e-04
15.860000000 4.795390000e-04
15.880000000 4.755970000e-04
15.900000000 4.716890000e-04
15.920000000 4.678140000e-04
15.940000000 4.639710000e-04
15.960000000 4.601610000e-04
15.980000000 4.563820000e-04
16.000000000 4.526360000e-04
16.020000000 4.489210000e-04
16.040000000 4.452370000e-04
16.060000000 4.415840000e-04
16.080000000 4.379620000e-04
16.100000000 4.343710000e-04
16.120000000 4.308090000e-04
16.140000000 4.272780000e-04
16.160000000 4.237760000e-04
16.180000000 4.203030000e-04
16.200000000 4.168600000e-04
16.220000000 4.134460000e-04
16.240000000 4.100600000e-04
16.260000000 4.067020000e-04
16.280000000 4.033730000e-04
16.300000000 4.000720000e-04
16.320000000 3.967980000e-04
16.340000000 3.935520000e-04
16.360000000 3.903330000e-04
16.380000000 3.871410000e-04
16.400000000 3.839750000e-04
16.420000000 3.808360000e-04
16.440000000 3.777240000e-04
16.460000000 3.746370000e-04
16.480000000 3.715760000e-04
16.500000000 3.685410000e-04
16.520000000 3.655310000e-04
16.540000000 3.625470000e-04
16.560000000 3.595870000e-04
16.580000000 3.566520000e-04
16.600000000 3.537420000e-04
16.620000000 3.508550000e-04
16.640000000 3.479930000e-04
16.660000000 3.451550000e-04
16.680000000 3.423410000e-04
16.700000000 3.395500000e-04
16.720000000 3.367820000e-04
16.740000000 3.340370000e-04
16.760000000 3.313150000e-04
16.780000000 3.286160000e-04
16.800000000 3.259400000e-04
16.820000000 3.232850000e-04
16.840000000 3.206530000e-04
16.860000000 3.180430000e-04
16.880000000 3.154540000e-04
16.900000000 3.128870000e-04
16.920000000 3.103410000e-04
16.940000000 3.078170000e-04
16.960000000 3.053130000e-04
16.980000000 3.028310000e-04
17.000000000 3.003690000e-04
17.020000000 2.979270000e-04
17.040000000 2.955060000e-04
17.060000000 2.931050000e-04
17.080000000 2.907230000e-04
17.100000000 2.883620000e-04
17.120000000 2.860200000e-04
17.140000000 2.836980000e-04
17.160000000 2.813940000e-04
17.180000000 2.791100000e-04
17.200000000 2.768450000e-04
17.220000000 2.745990000e-04
17.240000000 2.723710000e-04
17.260000000 2.701620000e-04
17.280000000 2.679710000e-04
17.300000000 2.657980000e-04
17.320000000 2.636440000e-04
17.340000000 2.615070000e-04
17.360000000 2.593880000e-04
17.380000000 2.572860000e-04
17.400000000 2.552020000e-04
17.420000000 2.531350000e-04
17.440000000 2.510850000e-04
17.460000000 2.490520000e-04
17.480000000 2.470350000e-04
17.500000000 2.450360000e-04
17.520000000 2.430530000e-04
17.540000000 2.410860000e-04
17.560000000 2.391360000e-04
17.580000000 2.372020000e-04
17.600000000 2.352840000e-04
17.620000000 2.333810000e-04
17.640000000 2.314940000e-04
17.660000000 2.296230000e-04
17.680000000 2.277680000e-04
17.700000000 2.259270000e-04
17.720000000 2.241020000e-04
17.740000000 2.222920000e-04
17.760000000 2.204970000e-04
17.780000000 2.187160000e-04
17.800000000 2.169500000e-04
17.820000000 2.151990000e-04
17.840000000 2.134620000e-04
17.860000000 2.117400000e-04
17.880000000 2.100320000e-04
17.900000000 2.083370000e-04
17.920000000 2.066570000e-04
17.940000000 2.049910000e-04
17.960000000 2.033380000e-04
17.980000000 2.016990000e-04
18.000000000 2.000730000e-04
18.020000000 1.984610000e-04
18.040000000 1.968620000e-04
18.060000000 1.952760000e-04
18.080000000 1.937030000e-04
18.100000000 1.921430000e-04
18.120000000 1.905960000e-04
18.140000000 1.890620000e-04
18.160000000 1.875400000e-04
18.180000000 1.860300000e-04
18.200000000 1.845340000e-04
18.220000000 1.830490000e-04
18.240000000 1.815760000e-04
18.260000000 1.801160000e-04
18.280000000 1.786680000e-04
18.300000000 1.772310000e-04
18.320000000 1.758060000e-04
18.340000000 1.743930000e-04
18.360000000 1.729920000e-04
18.380000000 1.716020000e-04
18.400000000 1.702230000e-04
18.420000000 1.688560000e-04
18.440000000 1.675000000e-04
18.460000000 1.661550000e-04
18.480000000 1.648210000e-04
18.500000000 1.634970000e-04
18.520000000 1.621850000e-04
18.540000000 1.608840000e-04
18.560000000 1.595930000e-04
18.580000000 1.583120000e-04
18.600000000 1.570420000e-04
18.620000000 1.557830000e-04
18.640000000 1.545340000e-04
18.660000000 1.532950000e-04
18.680000000 1.520660000e-04
18.700000000 1.508470000e-04
18.720000000 1.496380000e-04
18.740000000 1.484390000e-04
18.760000000 1.472500000e-04
18.780000000 1.460710000e-04
18.800000000 1.449010000e-04
18.820000000 1.437400000e-04
18.840000000 1.425890000e-04
18.860000000 1.414480000e-04
18.880000000 1.403160000e-04
18.900000000 1.391930000e-04
18.920000000 1.380790000e-04
18.940000000 1.369740000e-04
18.960000000 1.358790000e-04
18.980000000 1.347920000e-04
19.000000000 1.337140000e-04
19.020000000 1.326450000e-04
19.040000000 1.315840000e-04
19.060000000 1.305330000e-04
19.080000000 1.294890000e-04
19.100000000 1.284550000e-04
19.120000000 1.274280000e-04
19.140000000 1.264100000e-04
19.160000000 1.254010000e-04
19.180000000 1.243990000e-04
19.200000000 1.234060000e-04
19.220000000 1.224200000e-04
19.240000000 1.214430000e-04
19.260000000 1.204740000e-04
19.280000000 1.195120000e-04
19.300000000 1.185590000e-04
19.320000000 1.176130000e-04
19.340000000 1.166750000e-04
19.360000000 1.157440000e-04
19.380000000 1.148210000e-04
19.400000000 1.139050000e-04
19.420000000 1.129970000e-04
19.440000000 1.120970000e-04
19.460000000 1.112030000e-04
19.480000000 1.103170000e-04
19.500000000 1.094380000e-04
19.520000000 1.085660000e-04
19.540000000 1.077010000e-04
19.560000000 1.068440000e-04
19.580000000 1.059930000e-04
19.600000000 1.051490000e-04
19.620000000 1.043120000e-04
19.640000000 1.034810000e-04
19.660000000 1.026580000e-04
19.680000000 1.018410000e-04
19.700000000 1.010300000e-04
19.720000000 1.002270000e-04
19.740000000 9.942900000e-05
19.760000000 9.863900000e-05
19.780000000 9.785400000e-05
19.800000000 9.707600000e-05
19.820000000 9.630400000e-05
19.840000000 9.553900000e-05
19.860000000 9.478000000e-05
19.880000000 9.402600000e-05
19.900000000 9.327900000e-05
19.920000000 9.253800000e-05
19.940000000 9.180300000e-05
19.960000000 9.107400000e-05
19.980000000 9.035100000e-05
20.000000000 8.963300000e-05
20.020000000 8.892200000e-05
20.040000000 8.821600000e-05
20.060000000 8.751600000e-05
20.080000000 8.682100000e-05
20.100000000 8.613200000e-05
20.120000000 8.544900000e-05
20.140000000 8.477100000e-05
20.160000000 8.409900000e-05
20.180000000 8.343200000e-05
20.200000000 8.277000000e-05
20.220000000 8.211400000e-05
20.240000000 8.146300000e-05
20.260000000 8.081700000e-05
20.280000000 8.017700000e-05
20.300000000 7.954100000e-05
20.320000000 7.891100000e-05
20.340000000 7.828600000e-05
20.360000000 7.766600000e-05
20.380000000 7.705100000e-05
20.400000000 7.644000000e-05
20.420000000 7.583500000e-05
20.440000000 7.523500000e-05
20.460000000 7.463900000e-05
20.480000000 7.404800000e-05
20.500000000 7.346200000e-05
20.520000000 7.288100000e-05
20.540000000 7.230400000e-05
20.560000000 7.173200000e-05
20.580000000 7.116500000e-05
20.600000000 7.060200000e-05
20.620000000 7.004400000e-05
20.640000000 6.949000000e-05
20.660000000 6.894100000e-05
20.680000000 6.839600000e-05
20.700000000 6.785500000e-05
20.720000000 6.731900000e-05
20.740000000 6.678700000e-05
20.760000000 6.625900000e-05
20.780000000 6.573600000e-05
20.800000000 6.521600000e-05
20.820000000 6.470100000e-05
20.840000000 6.419000000e-05
20.860000000 6.368400000e-05
20.880000000 6.318100000e-05
20.900000000 6.268200000e-05
20.920000000 6.218700000e-05
20.940000000 6.169700000e-05
20.960000000 6.121000000e-05
20.980000000 6.072700000e-05
21.000000000 6.024800000e-05
21.020000000 5.977200000e-05
21.040000000 5.930100000e-05
21.060000000 5.883300000e-05
21.080000000 5.836900000e-05
21.100000000 5.790900000e-05
21.120000000 5.745300000e-05
21.140000000 5.700000000e-05
21.160000000 5.655100000e-05
21.180000000 5.610500000e-05
21.200000000 5.566300000e-05
21.220000000 5.522400000e-05
21.240000000 5.478900000e-05
21.260000000 5.435800000e-05
21.280000000 5.393000000e-05
21.300000000 5.350500000e-05
21.320000000 5.308400000e-05
21.340000000 5.266600000e-05
21.360000000 5.225100000e-05
21.380000000 5.184000000e-05
21.400000000 5.143200000e-05
21.420000000 5.102700000e-05
21.440000000 5.062600000e-05
21.460000000 5.022800000e-05
21.480000000 4.983200000e-05
21.500000000 4.944000000e-05
21.520000000 4.905200000e-05
21.540000000 4.866600000e-05
21.560000000 4.828300000e-05
21.580000000 4.790400000e-05
21.600000000 4.752700000e-05
21.620000000 4.715400000e-05
21.640000000 4.678300000e-05
21.660000000 4.641500000e-05
21.680000000 4.605100000e-05
21.700000000 4.568900000e-05
21.720000000 4.533000000e-05
21.740000000 4.497400000e-05
21.760000000 4.462100000e-05
21.780000000 4.427000000e-05
21.800000000 4.392300000e-05
21.820000000 4.357800000e-05
21.840000000 4.323600000e-05
21.860000000 4.289700000e-05
21.880000000 4.256000000e-05
21.900000000 4.222600000e-05
21.920000000 4.189500000e-05
21.940000000 4.156600000e-05
21.960000000 4.124000000e-05
21.980000000 4.091700000e-05
22.000000000 4.059600000e-05
22.020000000 4.027700000e-05
22.040000000 3.996200000e-05
22.060000000 3.964800000e-05
22.080000000 3.933700000e-05
22.100000000 3.902900000e-05
22.120000000 3.872300000e-05
22.140000000 3.842000000e-05
22.160000000 3.811900000e-05
22.180000000 3.782000000e-05
22.200000000 3.752400000e-05
22.220000000 3.723000000e-05
22.240000000 3.693800000e-05
22.260000000 3.664900000e-05
22.280000000 3.636200000e-05
22.300000000 3.607700000e-05
22.320000000 3.579500000e-05
22.340000000 3.551500000e-05
22.360000000 3.523700000e-05
22.380000000 3.496100000e-05
22.400000000 3.468800000e-05
22.420000000 3.441600000e-05
22.440000000 3.414700000e-05
22.460000000 3.388000000e-05
22.480000000 3.361500000e-05
22.500000000 3.335200000e-05
22.520000000 3.309100000e-05
22.540000000 3.283200000e-05
22.560000000 3.257600000e-05
22.580000000 3.232100000e-05
22.600000000 3.206800000e-05
22.620000000 3.181800000e-05
22.640000000 3.156900000e-05
22.660000000 3.132200000e-05
22.680000000 3.107800000e-05
22.700000000 3.083500000e-05
22.720000000 3.059400000e-05
22.740000000 3.035500000e-05
22.760000000 3.011800000e-05
22.780000000 2.988300000e-05
22.800000000 2.964900000e-05
22.820000000 2.941800000e-05
22.840000000 2.918800000e-05
22.860000000 2.896100000e-05
22.880000000 2.873400000e-05
22.900000000 2.851000000e-05
22.920000000 2.828800000e-05
22.940000000 2.806700000e-05
22.960000000 2.784800000e-05
22.980000000 2.763100000e-05
23.000000000 2.741500000e-05
23.020000000 2.720200000e-05
23.040000000 2.698900000e-05
23.060000000 2.677900000e-05
23.080000000 2.657000000e-05
23.100000000 2.636300000e-05
23.120000000 2.615800000e-05
23.140000000 2.595400000e-05
23.160000000 2.575100000e-05
23.180000000 2.555100000e-05
23.200000000 2.535200000e-05
23.220000000 2.515400000e-05
23.240000000 2.495800000e-05
23.260000000 2.476400000e-05
23.280000000 2.457100000e-05
23.300000000 2.438000000e-05
23.320000000 2.419000000e-05
23.340000000 2.400100000e-05
23.360000000 2.381400000e-05
23.380000000 2.362900000e-05
23.400000000 2.344500000e-05
23.420000000 2.326300000e-05
23.440000000 2.308200000e-05
23.460000000 2.290200000e-05
23.480000000 2.272400000e-05
23.500000000 2.254700000e-05
23.520000000 2.237200000e-05
23.540000000 2.219800000e-05
23.560000000 2.202500000e-05
23.580000000 2.185400000e-05
23.600000000 2.168400000e-05
23.620000000 2.151500000e-05
23.640000000 2.134800000e-05
23.660000000 2.118200000e-05
23.680000000 2.101700000e-05
23.700000000 2.085400000e-05
23.720000000 2.069200000e-05
23.740000000 2.053100000e-05
23.760000000 2.037200000e-05
23.780000000 2.021300000e-05
23.800000000 2.005600000e-05
23.820000000 1.990100000e-05
23.840000000 1.974600000e-05
23.860000000 1.959300000e-05
23.880000000 1.944000000e-05
23.900000000 1.929000000e-05
23.920000000 1.914000000e-05
23.940000000 1.899100000e-05
23.960000000 1.884400000e-05
23.980000000 1.869700000e-05
24.000000000 1.855200000e-05
24.020000000 1.840800000e-05
24.040000000 1.826600000e-05
24.060000000 1.812400000e-05
24.080000000 1.798300000e-05
24.100000000 1.784400000e-05
24.120000000 1.770500000e-05
24.140000000 1.756800000e-05
24.160000000 1.743200000e-05
24.180000000 1.729700000e-05
24.200000000 1.716300000e-05
24.220000000 1.702900000e-05
24.240000000 1.689700000e-05
24.260000000 1.676600000e-05
24.280000000 1.663700000e-05
24.300000000 1.650800000e-05
24.320000000 1.638000000e-05
24.340000000 1.625300000e-05
24.360000000 1.612700000e-05
24.380000000 1.600200000e-05
24.400000000 1.587800000e-05
24.420000000 1.575500000e-05
24.440000000 1.563300000e-05
24.460000000 1.551200000e-05
24.480000000 1.539200000e-05
24.500000000 1.527300000e-05
24.520000000 1.515400000e-05
24.540000000 1.503700000e-05
24.560000000 1.492100000e-05
24.580000000 1.480500000e-05
24.600000000 1.469100000e-05
24.620000000 1.457700000e-05
24.640000000 1.446400000e-05
24.660000000 1.435200000e-05
24.680000000 1.424100000e-05
24.700000000 1.413100000e-05
24.720000000 1.402200000e-05
24.740000000 1.391300000e-05
24.760000000 1.380600000e-05
24.780000000 1.369900000e-05
24.800000000 1.359300000e-05
24.820000000 1.348800000e-05
24.840000000 1.338400000e-05
24.860000000 1.328000000e-05
24.880000000 1.317800000e-05
24.900000000 1.307600000e-05
24.920000000 1.297500000e-05
24.940000000 1.287400000e-05
24.960000000 1.277500000e-05
24.980000000 1.267600000e-05
25.000000000 1.257800000e-05
25.020000000 1.248100000e-05
25.040000000 1.238500000e-05
25.060000000 1.228900000e-05
25.080000000 1.219400000e-05
25.100000000 1.210000000e-05
25.120000000 1.200700000e-05
25.140000000 1.191400000e-05
25.160000000 1.182200000e-05
25.180000000 1.173100000e-05
25.200000000 1.164000000e-05
25.220000000 1.155000000e-05
25.240000000 1.146100000e-05
25.260000000 1.137300000e-05
25.280000000 1.128500000e-05
25.300000000 1.119800000e-05
25.320000000 1.111200000e-05
25.340000000 1.102600000e-05
25.360000000 1.094100000e-05
25.380000000 1.085700000e-05
25.400000000 1.077300000e-05
25.420000000 1.069000000e-05
25.440000000 1.060700000e-05
25.460000000 1.052600000e-05
25.480000000 1.044400000e-05
25.500000000 1.036400000e-05
25.520000000 1.028400000e-05
25.540000000 1.020500000e-05
25.560000000 1.012600000e-05
25.580000000 1.004800000e-05
25.600000000 9.971000000e-06
25.620000000 9.894000000e-06
25.640000000 9.818000000e-06
25.660000000 9.742000000e-06
25.680000000 9.667000000e-06
25.700000000 9.593000000e-06
25.720000000 9.519000000e-06
25.740000000 9.445000000e-06
25.760000000 9.373000000e-06
25.780000000 9.301000000e-06
25.800000000 9.229000000e-06
25.820000000 9.158000000e-06
25.840000000 9.087000000e-06
25.860000000 9.017000000e-06
25.880000000 8.948000000e-06
25.900000000 8.879000000e-06
25.920000000 8.811000000e-06
25.940000000 8.743000000e-06
25.960000000 8.676000000e-06
25.980000000 8.609000000e-06
26.000000000 8.543000000e-06
26.020000000 8.477000000e-06
26.040000000 8.412000000e-06
26.060000000 8.347000000e-06
26.080000000 8.283000000e-06
26.100000000 8.219000000e-06
26.120000000 8.156000000e-06
26.140000000 8.094000000e-06
26.160000000 8.031000000e-06
26.180000000 7.970000000e-06
26.200000000 7.908000000e-06
26.220000000 7.848000000e-06
26.240000000 7.787000000e-06
26.260000000 7.727000000e-06
26.280000000 7.668000000e-06
26.300000000 7.609000000e-06
26.320000000 7.551000000e-06
26.340000000 7.493000000e-06
26.360000000 7.435000000e-06
26.380000000 7.378000000e-06
26.400000000 7.321000000e-06
26.420000000 7.265000000e-06
26.440000000 7.209000000e-06
26.460000000 7.154000000e-06
26.480000000 7.099000000e-06
26.500000000 7.045000000e-06
26.520000000 6.991000000e-06
26.540000000 6.937000000e-06
26.560000000 6.884000000e-06
26.580000000 6.831000000e-06
26.600000000 6.778000000e-06
26.620000000 6.726000000e-06
26.640000000 6.675000000e-06
26.660000000 6.624000000e-06
26.680000000 6.573000000e-06
26.700000000 6.522000000e-06
26.720000000 6.472000000e-06
26.740000000 6.423000000e-06
26.760000000 6.374000000e-06
26.780000000 6.325000000e-06
26.800000000 6.276000000e-06
26.820000000 6.228000000e-06
26.840000000 6.180000000e-06
26.860000000 6.133000000e-06
26.880000000 6.086000000e-06
26.900000000 6.039000000e-06
26.920000000 5.993000000e-06
26.940000000 5.947000000e-06
26.960000000 5.902000000e-06
26.980000000 5.856000000e-06
27.000000000 5.811000000e-06
27.020000000 5.767000000e-06
27.040000000 5.723000000e-06
27.060000000 5.679000000e-06
27.080000000 5.635000000e-06
27.100000000 5.592000000e-06
27.120000000 5.549000000e-06
27.140000000 5.507000000e-06
27.160000000 5.465000000e-06
27.180000000 5.423000000e-06
27.200000000 5.381000000e-06
27.220000000 5.340000000e-06
27.240000000 5.299000000e-06
27.260000000 5.259000000e-06
27.280000000 5.219000000e-06
27.300000000 5.179000000e-06
27.320000000 5.139000000e-06
27.340000000 5.100000000e-06
27.360000000 5.061000000e-06
27.380000000 5.022000000e-06
27.400000000 4.984000000e-06
27.420000000 4.945000000e-06
27.440000000 4.908000000e-06
27.460000000 4.870000000e-06
27.480000000 4.833000000e-06
27.500000000 4.796000000e-06
27.520000000 4.759000000e-06
27.540000000 4.723000000e-06
27.560000000 4.687000000e-06
27.580000000 4.651000000e-06
27.600000000 4.615000000e-06
27.620000000 4.580000000e-06
27.640000000 4.545000000e-06
27.660000000 4.510000000e-06
27.680000000 4.476000000e-06
27.700000000 4.442000000e-06
27.720000000 4.408000000e-06
27.740000000 4.374000000e-06
27.760000000 4.341000000e-06
27.780000000 4.307000000e-06
27.800000000 4.275000000e-06
27.820000000 4.242000000e-06
27.840000000 4.210000000e-06
27.860000000 4.177000000e-06
27.880000000 4.146000000e-06
27.900000000 4.114000000e-06
27.920000000 4.082000000e-06
27.940000000 4.051000000e-06
27.960000000 4.020000000e-06
27.980000000 3.990000000e-06
28.000000000 3.959000000e-06
28.020000000 3.929000000e-06
28.040000000 3.899000000e-06
28.060000000 3.869000000e-06
28.080000000 3.840000000e-06
28.100000000 3.810000000e-06
28.120000000 3.781000000e-06
28.140000000 3.753000000e-06
28.160000000 3.724000000e-06
28.180000000 3.696000000e-06
28.200000000 3.667000000e-06
28.220000000 3.639000000e-06
28.240000000 3.612000000e-06
28.260000000 3.584000000e-06
28.280000000 3.557000000e-06
28.300000000 3.530000000e-06
28.320000000 3.503000000e-06
28.340000000 3.476000000e-06
28.360000000 3.450000000e-06
28.380000000 3.423000000e-06
28.400000000 3.397000000e-06
28.420000000 3.371000000e-06
28.440000000 3.346000000e-06
28.460000000 3.320000000e-06
28.480000000 3.295000000e-06
28.500000000 3.270000000e-06
28.520000000 3.245000000e-06
28.540000000 3.220000000e-06
28.560000000 3.195000000e-06
28.580000000 3.171000000e-06
28.600000000 3.147000000e-06
28.620000000 3.123000000e-06
28.640000000 3.099000000e-06
28.660000000 3.076000000e-06
28.680000000 3.052000000e-06
28.700000000 3.029000000e-06
28.720000000 3.006000000e-06
28.740000000 2.983000000e-06
28.760000000 2.960000000e-06
28.780000000 2.938000000e-06
28.800000000 2.915000000e-06
28.820000000 2.893000000e-06
28.840000000 2.871000000e-06
28.860000000 2.849000000e-06
28.880000000 2.828000000e-06
28.900000000 2.806000000e-06
28.920000000 2.785000000e-06
28.940000000 2.764000000e-06
28.960000000 2.743000000e-06
28.980000000 2.722000000e-06
29.000000000 2.701000000e-06
29.020000000 2.681000000e-06
29.040000000 2.660000000e-06
29.060000000 2.640000000e-06
29.080000000 2.620000000e-06
29.100000000 2.600000000e-06
29.120000000 2.580000000e-06
29.140000000 2.561000000e-06
29.160000000 2.541000000e-06
29.180000000 2.522000000e-06
29.200000000 2.503000000e-06
29.220000000 2.484000000e-06
29.240000000 2.465000000e-06
29.260000000 2.446000000e-06
29.280000000 2.427000000e-06
29.300000000 2.409000000e-06
29.320000000 2.391000000e-06
29.340000000 2.372000000e-06
29.360000000 2.354000000e-06
29.380000000 2.337000000e-06
29.400000000 2.319000000e-06
29.420000000 2.301000000e-06
29.440000000 2.284000000e-06
29.460000000 2.266000000e-06
29.480000000 2.249000000e-06
29.500000000 2.232000000e-06
29.520000000 2.215000000e-06
29.540000000 2.198000000e-06
29.560000000 2.182000000e-06
29.580000000 2.165000000e-06
29.600000000 2.149000000e-06
29.620000000 2.132000000e-06
29.640000000 2.116000000e-06
29.660000000 2.100000000e-06
29.680000000 2.084000000e-06
29.700000000 2.068000000e-06
29.720000000 2.053000000e-06
29.740000000 2.037000000e-06
29.760000000 2.022000000e-06
29.780000000 2.006000000e-06
29.800000000 1.991000000e-06
29.820000000 1.976000000e-06
29.840000000 1.961000000e-06
29.860000000 1.946000000e-06
29.880000000 1.931000000e-06
29.900000000 1.917000000e-06
29.920000000 1.902000000e-06
29.940000000 1.888000000e-06
29.960000000 1.873000000e-06
29.980000000 1.859000000e-06
30.000000000 1.845000000e-06
30.020000000 1.831000000e-06
30.040000000 1.817000000e-06
30.060000000 1.803000000e-06
30.080000000 1.790000000e-06
30.100000000 1.776000000e-06
30.120000000 1.763000000e-06
30.140000000 1.749000000e-06
30.160000000 1.736000000e-06
30.180000000 1.723000000e-06
30.200000000 1.710000000e-06
30.220000000 1.697000000e-06
30.240000000 1.684000000e-06
30.260000000 1.671000000e-06
30.280000000 1.659000000e-06
30.300000000 1.646000000e-06
30.320000000 1.634000000e-06
30.340000000 1.621000000e-06
30.360000000 1.609000000e-06
30.380000000 1.597000000e-06
30.400000000 1.585000000e-06
30.420000000 1.573000000e-06
30.440000000 1.561000000e-06
30.460000000 1.549000000e-06
30.480000000 1.537000000e-06
30.500000000 1.526000000e-06
30.520000000 1.514000000e-06
30.540000000 1.503000000e-06
30.560000000 1.491000000e-06
30.580000000 1.480000000e-06
30.600000000 1.469000000e-06
30.620000000 1.458000000e-06
30.640000000 1.447000000e-06
30.660000000 1.436000000e-06
30.680000000 1.425000000e-06
30.700000000 1.414000000e-06
30.720000000 1.403000000e-06
30.740000000 1.393000000e-06
30.760000000 1.382000000e-06
30.780000000 1.372000000e-06
30.800000000 1.361000000e-06
30.820000000 1.351000000e-06
30.840000000 1.341000000e-06
30.860000000 1.331000000e-06
30.880000000 1.321000000e-06
30.900000000 1.311000000e-06
30.920000000 1.301000000e-06
30.940000000 1.291000000e-06
30.960000000 1.281000000e-06
30.980000000 1.272000000e-06
31.000000000 1.262000000e-06
31.020000000 1.252000000e-06
31.040000000 1.243000000e-06
31.060000000 1.234000000e-06
31.080000000 1.224000000e-06
31.100000000 1.215000000e-06
31.120000000 1.206000000e-06
31.140000000 1.197000000e-06
31.160000000 1.188000000e-06
31.180000000 1.179000000e-06
31.200000000 1.170000000e-06
31.220000000 1.161000000e-06
31.240000000 1.152000000e-06
31.260000000 1.143000000e-06
31.280000000 1.135000000e-06
31.300000000 1.126000000e-06
31.320000000 1.118000000e-06
31.340000000 1.109000000e-06
31.360000000 1.101000000e-06
31.380000000 1.093000000e-06
31.400000000 1.084000000e-06
31.420000000 1.076000000e-06
31.440000000 1.068000000e-06
31.460000000 1.060000000e-06
31.480000000 1.052000000e-06
31.500000000 1.044000000e-06
31.520000000 1.036000000e-06
31.540000000 1.028000000e-06
31.560000000 1.021000000e-06
31.580000000 1.013000000e-06
31.600000000 1.005000000e-06
31.620000000 9.980000000e-07
31.640000000 9.900000000e-07
31.660000000 9.830000000e-07
31.680000000 9.750000000e-07
31.700000000 9.680000000e-07
31.720000000 9.610000000e-07
31.740000000 9.530000000e-07
31.760000000 9.460000000e-07
31.780000000 9.390000000e-07
31.800000000 9.320000000e-07
31.820000000 9.250000000e-07
31.840000000 9.180000000e-07
31.860000000 9.110000000e-07
31.880000000 9.040000000e-07
31.900000000 8.970000000e-07
31.920000000 8.910000000e-07
31.940000000 8.840000000e-07
31.960000000 8.770000000e-07
31.980000000 8.710000000e-07
32.000000000 8.640000000e-07
32.020000000 8.580000000e-07
32.040000000 8.510000000e-07
32.060000000 8.450000000e-07
32.080000000 8.380000000e-07
32.100000000 8.320000000e-07
32.120000000 8.260000000e-07
32.140000000 8.200000000e-07
32.160000000 8.130000000e-07
32.180000000 8.070000000e-07
32.200000000 8.010000000e-07
32.220000000 7.950000000e-07
32.240000000 7.890000000e-07
32.260000000 7.830000000e-07
32.280000000 7.770000000e-07
32.300000000 7.710000000e-07
32.320000000 7.660000000e-07
32.340000000 7.600000000e-07
32.360000000 7.540000000e-07
32.380000000 7.480000000e-07
32.400000000 7.430000000e-07
32.420000000 7.370000000e-07
32.440000000 7.320000000e-07
32.460000000 7.260000000e-07
32.480000000 7.210000000e-07
32.500000000 7.150000000e-07
32.520000000 7.100000000e-07
32.540000000 7.050000000e-07
32.560000000 6.990000000e-07
32.580000000 6.940000000e-07
32.600000000 6.890000000e-07
32.620000000 6.840000000e-07
32.640000000 6.780000000e-07
32.660000000 6.730000000e-07
32.680000000 6.680000000e-07
32.700000000 6.630000000e-07
32.720000000 6.580000000e-07
32.740000000 6.530000000e-07
32.760000000 6.480000000e-07
32.780000000 6.440000000e-07
32.800000000 6.390000000e-07
32.820000000 6.340000000e-07
32.840000000 6.290000000e-07
32.860000000 6.240000000e-07
32.880000000 6.200000000e-07
32.900000000 6.150000000e-07
32.920000000 6.100000000e-07
32.940000000 6.060000000e-07
32.960000000 6.010000000e-07
32.980000000 5.970000000e-07
33.000000000 5.920000000e-07
33.020000000 5.880000000e-07
33.040000000 5.830000000e-07
33.060000000 5.790000000e-07
33.080000000 5.750000000e-07
33.100000000 5.700000000e-07
33.120000000 5.660000000e-07
33.140000000 5.620000000e-07
33.160000000 5.580000000e-07
33.180000000 5.530000000e-07
33.200000000 5.490000000e-07
33.220000000 5.450000000e-07
33.240000000 5.410000000e-07
33.260000000 5.370000000e-07
33.280000000 5.330000000e-07
33.300000000 5.290000000e-07
33.320000000 5.250000000e-07
33.340000000 5.210000000e-07
33.360000000 5.170000000e-07
33.380000000 5.130000000e-07
33.400000000 5.090000000e-07
33.420000000 5.060000000e-07
33.440000000 5.020000000e-07
33.460000000 4.980000000e-07
33.480000000 4.940000000e-07
33.500000000 4.910000000e-07
33.520000000 4.870000000e-07
33.540000000 4.830000000e-07
33.560000000 4.800000000e-07
33.580000000 4.760000000e-07
33.600000000 4.720000000e-07
33.620000000 4.690000000e-07
33.640000000 4.650000000e-07
33.660000000 4.620000000e-07
33.680000000 4.580000000e-07
33.700000000 4.550000000e-07
33.720000000 4.520000000e-07
33.740000000 4.480000000e-07
33.760000000 4.450000000e-07
33.780000000 4.410000000e-07
33.800000000 4.380000000e-07
33.820000000 4.350000000e-07
33.840000000 4.320000000e-07
33.860000000 4.280000000e-07
33.880000000 4.250000000e-07
33.900000000 4.220000000e-07
33.920000000 4.190000000e-07
33.940000000 4.160000000e-07
33.960000000 4.130000000e-07
33.980000000 4.090000000e-07
34.000000000 4.060000000e-07
34.020000000 4.030000000e-07
34.040000000 4.000000000e-07
34.060000000 3.970000000e-07
34.080000000 3.940000000e-07
34.100000000 3.910000000e-07
34.120000000 3.880000000e-07
34.140000000 3.860000000e-07
34.160000000 3.830000000e-07
34.180000000 3.800000000e-07
34.200000000 3.770000000e-07
34.220000000 3.740000000e-07
34.240000000 3.710000000e-07
34.260000000 3.690000000e-07
34.280000000 3.660000000e-07
34.300000000 3.630000000e-07
34.320000000 3.600000000e-07
34.340000000 3.580000000e-07
34.360000000 3.550000000e-07
34.380000000 3.520000000e-07
34.400000000 3.500000000e-07
34.420000000 3.470000000e-07
34.440000000 3.440000000e-07
34.460000000 3.420000000e-07
34.480000000 3.390000000e-07
34.500000000 3.370000000e-07
34.520000000 3.340000000e-07
34.540000000 3.320000000e-07
34.560000000 3.290000000e-07
34.580000000 3.270000000e-07
34.600000000 3.240000000e-07
34.620000000 3.220000000e-07
34.640000000 3.190000000e-07
34.660000000 3.170000000e-07
34.680000000 3.150000000e-07
34.700000000 3.120000000e-07
34.720000000 3.100000000e-07
34.740000000 3.080000000e-07
34.760000000 3.050000000e-07
34.780000000 3.030000000e-07
34.800000000 3.010000000e-07
34.820000000 2.990000000e-07
34.840000000 2.960000000e-07
34.860000000 2.940000000e-07
34.880000000 2.920000000e-07
34.900000000 2.900000000e-07
34.920000000 2.880000000e-07
34.940000000 2.850000000e-07
34.960000000 2.830000000e-07
34.980000000 2.810000000e-07
35.000000000 2.790000000e-07
35.020000000 2.770000000e-07
35.040000000 2.750000000e-07
35.060000000 2.730000000e-07
35.080000000 2.710000000e-07
35.100000000 2.690000000e-07
35.120000000 2.670000000e-07
35.140000000 2.650000000e-07
35.160000000 2.630000000e-07
35.180000000 2.610000000e-07
35.200000000 2.590000000e-07
35.220000000 2.570000000e-07
35.240000000 2.550000000e-07
35.260000000 2.530000000e-07
35.280000000 2.510000000e-07
35.300000000 2.490000000e-07
35.320000000 2.480000000e-07
35.340000000 2.460000000e-07
35.360000000 2.440000000e-07
35.380000000 2.420000000e-07
35.400000000 2.400000000e-07
35.420000000 2.380000000e-07
35.440000000 2.370000000e-07
35.460000000 2.350000000e-07
35.480000000 2.330000000e-07
35.500000000 2.310000000e-07
35.520000000 2.300000000e-07
35.540000000 2.280000000e-07
35.560000000 2.260000000e-07
35.580000000 2.250000000e-07
35.600000000 2.230000000e-07
35.620000000 2.210000000e-07
35.640000000 2.200000000e-07
35.660000000 2.180000000e-07
35.680000000 2.160000000e-07
35.700000000 2.150000000e-07
35.720000000 2.130000000e-07
35.740000000 2.110000000e-07
35.760000000 2.100000000e-07
35.780000000 2.080000000e-07
35.800000000 2.070000000e-07
35.820000000 2.050000000e-07
35.840000000 2.040000000e-07
35.860000000 2.020000000e-07
35.880000000 2.010000000e-07
35.900000000 1.990000000e-07
35.920000000 1.980000000e-07
35.940000000 1.960000000e-07
35.960000000 1.950000000e-07
35.980000000 1.930000000e-07
36.000000000 1.920000000e-07
36.020000000 1.900000000e-07
36.040000000 1.890000000e-07
36.060000000 1.880000000e-07
36.080000000 1.860000000e-07
36.100000000 1.850000000e-07
36.120000000 1.830000000e-07
36.140000000 1.820000000e-07
36.160000000 1.810000000e-07
36.180000000 1.790000000e-07
36.200000000 1.780000000e-07
36.220000000 1.770000000e-07
36.240000000 1.750000000e-07
36.260000000 1.740000000e-07
36.280000000 1.730000000e-07
36.300000000 1.710000000e-07
36.320000000 1.700000000e-07
36.340000000 1.690000000e-07
36.360000000 1.680000000e-07
36.380000000 1.660000000e-07
36.400000000 1.650000000e-07
36.420000000 1.640000000e-07
36.440000000 1.630000000e-07
36.460000000 1.610000000e-07
36.480000000 1.600000000e-07
36.500000000 1.590000000e-07
36.520000000 1.580000000e-07
36.540000000 1.570000000e-07
36.560000000 1.560000000e-07
36.580000000 1.540000000e-07
36.600000000 1.530000000e-07
36.620000000 1.520000000e-07
36.640000000 1.510000000e-07
36.660000000 1.500000000e-07
36.680000000 1.490000000e-07
36.700000000 1.480000000e-07
36.720000000 1.470000000e-07
36.740000000 1.450000000e-07
36.760000000 1.440000000e-07
36.780000000 1.430000000e-07
36.800000000 1.420000000e-07
36.820000000 1.410000000e-07
36.840000000 1.400000000e-07
36.860000000 1.390000000e-07
36.880000000 1.380000000e-07
36.900000000 1.370000000e-07
36.920000000 1.360000000e-07
36.940000000 1.350000000e-07
36.960000000 1.340000000e-07
36.980000000 1.330000000e-07
37.000000000 1.320000000e-07
37.020000000 1.310000000e-07
37.040000000 1.300000000e-07
37.060000000 1.290000000e-07
37.080000000 1.280000000e-07
37.100000000 1.270000000e-07
37.120000000 1.260000000e-07
37.140000000 1.250000000e-07
37.160000000 1.240000000e-07
37.180000000 1.230000000e-07
37.200000000 1.220000000e-07
37.220000000 1.220000000e-07
37.240000000 1.210000000e-07
37.260000000 1.200000000e-07
37.280000000 1.190000000e-07
37.300000000 1.180000000e-07
37.320000000 1.170000000e-07
37.340000000 1.160000000e-07
37.360000000 1.150000000e-07
37.380000000 1.150000000e-07
37.400000000 1.140000000e-07
37.420000000 1.130000000e-07
37.440000000 1.120000000e-07
37.460000000 1.110000000e-07
37.480000000 1.100000000e-07
37.500000000 1.090000000e-07
37.520000000 1.090000000e-07
37.540000000 1.080000000e-07
37.560000000 1.070000000e-07
37.580000000 1.060000000e-07
37.600000000 1.050000000e-07
37.620000000 1.050000000e-07
37.640000000 1.040000000e-07
37.660000000 1.030000000e-07
37.680000000 1.020000000e-07
37.700000000 1.020000000e-07
37.720000000 1.010000000e-07
37.740000000 1.000000000e-07
37.760000000 9.900000000e-08
37.780000000 9.900000000e-08
37.800000000 9.800000000e-08
37.820000000 9.700000000e-08
37.840000000 9.600000000e-08
37.860000000 9.600000000e-08
37.880000000 9.500000000e-08
37.900000000 9.400000000e-08
37.920000000 9.400000000e-08
37.940000000 9.300000000e-08
37.960000000 9.200000000e-08
37.980000000 9.200000000e-08
38.000000000 9.100000000e-08
38.020000000 9.000000000e-08
38.040000000 9.000000000e-08
38.060000000 8.900000000e-08
38.080000000 8.800000000e-08
38.100000000 8.800000000e-08
38.120000000 8.700000000e-08
38.140000000 8.600000000e-08
38.160000000 8.600000000e-08
38.180000000 8.500000000e-08
38.200000000 8.400000000e-08
38.220000000 8.400000000e-08
38.240000000 8.300000000e-08
38.260000000 8.200000000e-08
38.280000000 8.200000000e-08
38.300000000 8.100000000e-08
38.320000000 8.100000000e-08
38.340000000 8.000000000e-08
38.360000000 7.900000000e-08
38.380000000 7.900000000e-08
38.400000000 7.800000000e-08
38.420000000 7.800000000e-08
38.440000000 7.700000000e-08
38.460000000 7.700000000e-08
38.480000000 7.600000000e-08
38.500000000 7.500000000e-08
38.520000000 7.500000000e-08
38.540000000 7.400000000e-08
38.560000000 7.400000000e-08
38.580000000 7.300000000e-08
38.600000000 7.300000000e-08
38.620000000 7.200000000e-08
38.640000000 7.200000000e-08
38.660000000 7.100000000e-08
38.680000000 7.100000000e-08
38.700000000 7.000000000e-08
38.720000000 6.900000000e-08
38.740000000 6.900000000e-08
38.760000000 6.800000000e-08
38.780000000 6.800000000e-08
38.800000000 6.700000000e-08
38.820000000 6.700000000e-08
38.840000000 6.600000000e-08
38.860000000 6.600000000e-08
38.880000000 6.500000000e-08
38.900000000 6.500000000e-08
38.920000000 6.500000000e-08
38.940000000 6.400000000e-08
38.960000000 6.400000000e-08
38.980000000 6.300000000e-08
39.000000000 6.300000000e-08
39.020000000 6.200000000e-08
39.040000000 6.200000000e-08
39.060000000 6.100000000e-08
39.080000000 6.100000000e-08
39.100000000 6.000000000e-08
39.120000000 6.000000000e-08
39.140000000 5.900000000e-08
39.160000000 5.900000000e-08
39.180000000 5.900000000e-08
39.200000000 5.800000000e-08
39.220000000 5.800000000e-08
39.240000000 5.700000000e-08
39.260000000 5.700000000e-08
39.280000000 5.600000000e-08
39.300000000 5.600000000e-08
39.320000000 5.600000000e-08
39.340000000 5.500000000e-08
39.360000000 5.500000000e-08
39.380000000 5.400000000e-08
39.400000000 5.400000000e-08
39.420000000 5.400000000e-08
39.440000000 5.300000000e-08
39.460000000 5.300000000e-08
39.480000000 5.200000000e-08
39.500000000 5.200000000e-08
39.520000000 5.200000000e-08
39.540000000 5.100000000e-08
39.560000000 5.100000000e-08
39.580000000 5.000000000e-08
39.600000000 5.000000000e-08
39.620000000 5.000000000e-08
39.640000000 4.900000000e-08
39.660000000 4.900000000e-08
39.680000000 4.900000000e-08
39.700000000 4.800000000e-08
39.720000000 4.800000000e-08
39.740000000 4.800000000e-08
39.760000000 4.700000000e-08
39.780000000 4.700000000e-08
39.800000000 4.700000000e-08
39.820000000 4.600000000e-08
39.840000000 4.600000000e-08
39.860000000 4.500000000e-08
39.880000000 4.500000000e-08
39.900000000 4.500000000e-08
39.920000000 4.400000000e-08
39.940000000 4.400000000e-08
39.960000000 4.400000000e-08
39.980000000 4.300000000e-08
40.000000000 4.300000000e-08
40.020000000 4.300000000e-08
40.040000000 4.300000000e-08
40.060000000 4.200000000e-08
40.080000000 4.200000000e-08
40.100000000 4.200000000e-08
40.120000000 4.100000000e-08
40.140000000 4.100000000e-08
40.160000000 4.100000000e-08
40.180000000 4.000000000e-08
40.200000000 4.000000000e-08
40.220000000 4.000000000e-08
40.240000000 3.900000000e-08
40.260000000 3.900000000e-08
40.280000000 3.900000000e-08
40.300000000 3.900000000e-08
40.320000000 3.800000000e-08
40.340000000 3.800000000e-08
40.360000000 3.800000000e-08
40.380000000 3.700000000e-08
40.400000000 3.700000000e-08
40.420000000 3.700000000e-08
40.440000000 3.700000000e-08
40.460000000 3.600000000e-08
40.480000000 3.600000000e-08
40.500000000 3.600000000e-08
40.520000000 3.600000000e-08
40.540000000 3.500000000e-08
40.560000000 3.500000000e-08
40.580000000 3.500000000e-08
40.600000000 3.500000000e-08
40.620000000 3.400000000e-08
40.640000000 3.400000000e-08
40.660000000 3.400000000e-08
40.680000000 3.400000000e-08
40.700000000 3.300000000e-08
40.720000000 3.300000000e-08
40.740000000 3.300000000e-08
40.760000000 3.300000000e-08
40.780000000 3.200000000e-08
40.800000000 3.200000000e-08
40.820000000 3.200000000e-08
40.840000000 3.200000000e-08
40.860000000 3.100000000e-08
40.880000000 3.100000000e-08
40.900000000 3.100000000e-08
40.920000000 3.100000000e-08
40.940000000 3.000000000e-08
40.960000000 3.000000000e-08
40.980000000 3.000000000e-08
41.000000000 3.000000000e-08
41.020000000 3.000000000e-08
41.040000000 2.900000000e-08
41.060000000 2.900000000e-08
41.080000000 2.900000000e-08
41.100000000 2.900000000e-08
41.120000000 2.800000000e-08
41.140000000 2.800000000e-08
41.160000000 2.800000000e-08
41.180000000 2.800000000e-08
41.200000000 2.800000000e-08
41.220000000 2.700000000e-08
41.240000000 2.700000000e-08
41.260000000 2.700000000e-08
41.280000000 2.700000000e-08
41.300000000 2.700000000e-08
41.320000000 2.600000000e-08
41.340000000 2.600000000e-08
41.360000000 2.600000000e-08
41.380000000 2.600000000e-08
41.400000000 2.600000000e-08
41.420000000 2.500000000e-08
41.440000000 2.500000000e-08
41.460000000 2.500000000e-08
41.480000000 2.500000000e-08
41.500000000 2.500000000e-08
41.520000000 2.500000000e-08
41.540000000 2.400000000e-08
41.560000000 2.400000000e-08
41.580000000 2.400000000e-08
41.600000000 2.400000000e-08
41.620000000 2.400000000e-08
41.640000000 2.300000000e-08
41.660000000 2.300000000e-08
41.680000000 2.300000000e-08
41.700000000 2.300000000e-08
41.720000000 2.300000000e-08
41.740000000 2.300000000e-08
41.760000000 2.200000000e-08
41.780000000 2.200000000e-08
41.800000000 2.200000000e-08
41.820000000 2.200000000e-08
41.840000000 2.200000000e-08
41.860000000 2.200000000e-08
41.880000000 2.200000000e-08
41.900000000 2.100000000e-08
41.920000000 2.100000000e-08
41.940000000 2.100000000e-08
41.960000000 2.100000000e-08
41.980000000 2.100000000e-08
42.000000000 2.100000000e-08
42.020000000 2.000000000e-08
42.040000000 2.000000000e-08
42.060000000 2.000000000e-08
42.080000000 2.000000000e-08
42.100000000 2.000000000e-08
42.120000000 2.000000000e-08
42.140000000 2.000000000e-08
42.160000000 1.900000000e-08
42.180000000 1.900000000e-08
42.200000000 1.900000000e-08
42.220000000 1.900000000e-08
42.240000000 1.900000000e-08
42.260000000 1.900000000e-08
42.280000000 1.900000000e-08
42.300000000 1.800000000e-08
42.320000000 1.800000000e-08
42.340000000 1.800000000e-08
42.360000000 1.800000000e-08
42.380000000 1.800000000e-08
42.400000000 1.800000000e-08
42.420000000 1.800000000e-08
42.440000000 1.700000000e-08
42.460000000 1.700000000e-08
42.480000000 1.700000000e-08
42.500000000 1.700000000e-08
42.520000000 1.700000000e-08
42.540000000 1.700000000e-08
42.560000000 1.700000000e-08
42.580000000 1.700000000e-08
42.600000000 1.600000000e-08
42.620000000 1.600000000e-08
42.640000000 1.600000000e-08
42.660000000 1.600000000e-08
42.680000000 1.600000000e-08
42.700000000 1.600000000e-08
42.720000000 1.600000000e-08
42.740000000 1.600000000e-08
42.760000000 1.600000000e-08
42.780000000 1.500000000e-08
42.800000000 1.500000000e-08
42.820000000 1.500000000e-08
42.840000000 1.500000000e-08
42.860000000 1.500000000e-08
42.880000000 1.500000000e-08
42.900000000 1.500000000e-08
42.920000000 1.500000000e-08
42.940000000 1.500000000e-08
42.960000000 1.400000000e-08
42.980000000 1.400000000e-08
43.000000000 1.400000000e-08
43.020000000 1.400000000e-08
43.040000000 1.400000000e-08
43.060000000 1.400000000e-08
43.080000000 1.400000000e-08
43.100000000 1.400000000e-08
43.120000000 1.400000000e-08
43.140000000 1.300000000e-08
43.160000000 1.300000000e-08
43.180000000 1.300000000e-08
43.200000000 1.300000000e-08
43.220000000 1.300000000e-08
43.240000000 1.300000000e-08
43.260000000 1.300000000e-08
43.280000000 1.300000000e-08
43.300000000 1.300000000e-08
43.320000000 1.300000000e-08
43.340000000 1.300000000e-08
43.360000000 1.200000000e-08
43.380000000 1.200000000e-08
43.400000000 1.200000000e-08
43.420000000 1.200000000e-08
43.440000000 1.200000000e-08
43.460000000 1.200000000e-08
43.480000000 1.200000000e-08
43.500000000 1.200000000e-08
43.520000000 1.200000000e-08
43.540000000 1.200000000e-08
43.560000000 1.200000000e-08
43.580000000 1.100000000e-08
43.600000000 1.100000000e-08
43.620000000 1.100000000e-08
43.640000000 1.100000000e-08
43.660000000 1.100000000e-08
43.680000000 1.100000000e-08
43.700000000 1.100000000e-08
43.720000000 1.100000000e-08
43.740000000 1.100000000e-08
43.760000000 1.100000000e-08
43.780000000 1.100000000e-08
43.800000000 1.100000000e-08
43.820000000 1.000000000e-08
43.840000000 1.000000000e-08
43.860000000 1.000000000e-08
43.880000000 1.000000000e-08
43.900000000 1.000000000e-08
43.920000000 1.000000000e-08
43.940000000 1.000000000e-08
43.960000000 1.000000000e-08
43.980000000 1.000000000e-08
44.000000000 1.000000000e-08
44.020000000 1.000000000e-08
44.040000000 1.000000000e-08
44.060000000 1.000000000e-08
44.080000000 1.000000000e-08
44.100000000 9.000000000e-09
44.120000000 9.000000000e-09
44.140000000 9.000000000e-09
44.160000000 9.000000000e-09
44.180000000 9.000000000e-09
44.200000000 9.000000000e-09
44.220000000 9.000000000e-09
44.240000000 9.000000000e-09
44.260000000 9.000000000e-09
44.280000000 9.000000000e-09
44.300000000 9.000000000e-09
44.320000000 9.000000000e-09
44.340000000 9.000000000e-09
44.360000000 9.000000000e-09
44.380000000 9.000000000e-09
44.400000000 8.000000000e-09
44.420000000 8.000000000e-09
44.440000000 8.000000000e-09
44.460000000 8.000000000e-09
44.480000000 8.000000000e-09
44.500000000 8.000000000e-09
44.520000000 8.000000000e-09
44.540000000 8.000000000e-09
44.560000000 8.000000000e-09
44.580000000 8.000000000e-09
44.600000000 8.000000000e-09
44.620000000 8.000000000e-09
44.640000000 8.000000000e-09
44.660000000 8.000000000e-09
44.680000000 8.000000000e-09
44.700000000 8.000000000e-09
44.720000000 8.000000000e-09
44.740000000 7.000000000e-09
44.760000000 7.000000000e-09
44.780000000 7.000000000e-09
44.800000000 7.000000000e-09
44.820000000 7.000000000e-09
44.840000000 7.000000000e-09
44.860000000 7.000000000e-09
44.880000000 7.000000000e-09
44.900000000 7.000000000e-09
44.920000000 7.000000000e-09
44.940000000 7.000000000e-09
44.960000000 7.000000000e-09
44.980000000 7.000000000e-09
45.000000000 7.000000000e-09
45.020000000 7.000000000e-09
45.040000000 7.000000000e-09
45.060000000 7.000000000e-09
45.080000000 7.000000000e-09
45.100000000 7.000000000e-09
45.120000000 6.000000000e-09
45.140000000 6.000000000e-09
45.160000000 6.000000000e-09
45.180000000 6.000000000e-09
45.200000000 6.000000000e-09
45.220000000 6.000000000e-09
45.240000000 6.000000000e-09
45.260000000 6.000000000e-09
45.280000000 6.000000000e-09
45.300000000 6.000000000e-09
45.320000000 6.000000000e-09
45.340000000 6.000000000e-09
45.360000000 6.000000000e-09
45.380000000 6.000000000e-09
45.400000000 6.000000000e-09
45.420000000 6.000000000e-09
45.440000000 6.000000000e-09
45.460000000 6.000000000e-09
45.480000000 6.000000000e-09
45.500000000 6.000000000e-09
45.520000000 6.000000000e-09
45.540000000 6.000000000e-09
45.560000000 6.000000000e-09
45.580000000 5.000000000e-09
45.600000000 5.000000000e-09
45.620000000 5.000000000e-09
45.640000000 5.000000000e-09
45.660000000 5.000000000e-09
45.680000000 5.000000000e-09
45.700000000 5.000000000e-09
45.720000000 5.000000000e-09
45.740000000 5.000000000e-09
45.760000000 5.000000000e-09
45.780000000 5.000000000e-09
45.800000000 5.000000000e-09
45.820000000 5.000000000e-09
45.840000000 5.000000000e-09
45.860000000 5.000000000e-09
45.880000000 5.000000000e-09
45.900000000 5.000000000e-09
45.920000000 5.000000000e-09
45.940000000 5.000000000e-09
45.960000000 5.000000000e-09
45.980000000 5.000000000e-09
46.000000000 5.000000000e-09
46.020000000 5.000000000e-09
46.040000000 5.000000000e-09
46.060000000 5.000000000e-09
46.080000000 5.000000000e-09
46.100000000 5.000000000e-09
46.120000000 4.000000000e-09
46.140000000 4.000000000e-09
46.160000000 4.000000000e-09
46.180000000 4.000000000e-09
46.200000000 4.000000000e-09
46.220000000 4.000000000e-09
46.240000000 4.000000000e-09
46.260000000 4.000000000e-09
46.280000000 4.000000000e-09
46.300000000 4.000000000e-09
46.320000000 4.000000000e-09
46.340000000 4.000000000e-09
46.360000000 4.000000000e-09
46.380000000 4.000000000e-09
46.400000000 4.000000000e-09
46.420000000 4.000000000e-09
46.440000000 4.000000000e-09
46.460000000 4.000000000e-09
46.480000000 4.000000000e-09
46.500000000 4.000000000e-09
46.520000000 4.000000000e-09
46.540000000 4.000000000e-09
46.560000000 4.000000000e-09
46.580000000 4.000000000e-09
46.600000000 4.000000000e-09
46.620000000 4.000000000e-09
46.640000000 4.000000000e-09
46.660000000 4.000000000e-09
46.680000000 4.000000000e-09
46.700000000 4.000000000e-09
46.720000000 4.000000000e-09
46.740000000 4.000000000e-09
46.760000000 4.000000000e-09
46.780000000 4.000000000e-09
46.800000000 4.000000000e-09
46.820000000 3.000000000e-09
46.840000000 3.000000000e-09
46.860000000 3.000000000e-09
46.880000000 3.000000000e-09
46.900000000 3.000000000e-09
46.920000000 3.000000000e-09
46.940000000 3.000000000e-09
46.960000000 3.000000000e-09
46.980000000 3.000000000e-09
47.000000000 3.000000000e-09
47.020000000 3.000000000e-09
47.040000000 3.000000000e-09
47.060000000 3.000000000e-09
47.080000000 3.000000000e-09
47.100000000 3.000000000e-09
47.120000000 3.000000000e-09
47.140000000 3.000000000e-09
47.160000000 3.000000000e-09
47.180000000 3.000000000e-09
47.200000000 3.000000000e-09
47.220000000 3.000000000e-09
47.240000000 3.000000000e-09
47.260000000 3.000000000e-09
47.280000000 3.000000000e-09
47.300000000 3.000000000e-09
47.320000000 3.000000000e-09
47.340000000 3.000000000e-09
47.360000000 3.000000000e-09
47.380000000 3.000000000e-09
47.400000000 3.000000000e-09
47.420000000 3.000000000e-09
47.440000000 3.000000000e-09
47.460000000 3.000000000e-09
47.480000000 3.000000000e-09
47.500000000 3.000000000e-09
47.520000000 3.000000000e-09
47.540000000 3.000000000e-09
47.560000000 3.000000000e-09
47.580000000 3.000000000e-09
47.600000000 3.000000000e-09
47.620000000 3.000000000e-09
47.640000000 3.000000000e-09
47.660000000 3.000000000e-09
47.680000000 3.000000000e-09
47.700000000 3.000000000e-09
47.720000000 2.000000000e-09
47.740000000 2.000000000e-09
47.760000000 2.000000000e-09
47.780000000 2.000000000e-09
47.800000000 2.000000000e-09
47.820000000 2.000000000e-09
47.840000000 2.000000000e-09
47.860000000 2.000000000e-09
47.880000000 2.000000000e-09
47.900000000 2.000000000e-09
47.920000000 2.000000000e-09
47.940000000 2.000000000e-09
47.960000000 2.000000000e-09
47.980000000 2.000000000e-09
48.000000000 2.000000000e-09
48.020000000 2.000000000e-09
48.040000000 2.000000000e-09
48.060000000 2.000000000e-09
48.080000000 2.000000000e-09
48.100000000 2.000000000e-09
48.120000000 2.000000000e-09
48.140000000 2.000000000e-09
48.160000000 2.000000000e-09
48.180000000 2.000000000e-09
48.200000000 2.000000000e-09
48.220000000 2.000000000e-09
48.240000000 2.000000000e-09
48.260000000 2.000000000e-09
48.280000000 2.000000000e-09
48.300000000 2.000000000e-09
48.320000000 2.000000000e-09
48.340000000 2.000000000e-09
48.360000000 2.000000000e-09
48.380000000 2.000000000e-09
48.400000000 2.000000000e-09
48.420000000 2.000000000e-09
48.440000000 2.000000000e-09
48.460000000 2.000000000e-09
48.480000000 2.000000000e-09
48.500000000 2.000000000e-09
48.520000000 2.000000000e-09
48.540000000 2.000000000e-09
48.560000000 2.000000000e-09
48.580000000 2.000000000e-09
48.600000000 2.000000000e-09
48.620000000 2.000000000e-09
48.640000000 2.000000000e-09
48.660000000 2.000000000e-09
48.680000000 2.000000000e-09
48.700000000 2.000000000e-09
48.720000000 2.000000000e-09
48.740000000 2.000000000e-09
48.760000000 2.000000000e-09
48.780000000 2.000000000e-09
48.800000000 2.000000000e-09
48.820000000 2.000000000e-09
48.840000000 2.000000000e-09
48.860000000 2.000000000e-09
48.880000000 2.000000000e-09
48.900000000 2.000000000e-09
48.920000000 2.000000000e-09
48.940000000 2.000000000e-09
48.960000000 2.000000000e-09
48.980000000 2.000000000e-09
49.000000000 2.000000000e-09
49.020000000 2.000000000e-09
49.040000000 2.000000000e-09
49.060000000 2.000000000e-09
49.080000000 2.000000000e-09
49.100000000 2.000000000e-09
49.120000000 1.000000000e-09
49.140000000 1.000000000e-09
49.160000000 1.000000000e-09
49.180000000 1.000000000e-09
49.200000000 1.000000000e-09
49.220000000 1.000000000e-09
49.240000000 1.000000000e-09
49.260000000 1.000000000e-09
49.280000000 1.000000000e-09
49.300000000 1.000000000e-09
49.320000000 1.000000000e-09
49.340000000 1.000000000e-09
49.360000000 1.000000000e-09
49.380000000 1.000000000e-09
49.400000000 1.000000000e-09
49.420000000 1.000000000e-09
49.440000000 1.000000000e-09
49.460000000 1.000000000e-09
49.480000000 1.000000000e-09
49.500000000 1.000000000e-09
49.520000000 1.000000000e-09
49.540000000 1.000000000e-09
49.560000000 1.000000000e-09
49.580000000 1.000000000e-09
49.600000000 1.000000000e-09
49.620000000 1.000000000e-09
49.640000000 1.000000000e-09
49.660000000 1.000000000e-09
49.680000000 1.000000000e-09
49.700000000 1.000000000e-09
49.720000000 1.000000000e-09
49.740000000 1.000000000e-09
49.760000000 1.000000000e-09
49.780000000 1.000000000e-09
49.800000000 1.000000000e-09
49.820000000 1.000000000e-09
49.840000000 1.000000000e-09
49.860000000 1.000000000e-09
49.880000000 1.000000000e-09
49.900000000 1.000000000e-09
49.920000000 1.000000000e-09
49.940000000 1.000000000e-09
49.960000000 1.000000000e-09
49.980000000 1.000000000e-09
50.000000000 1.000000000e-09
50.020000000 1.000000000e-09
50.040000000 1.000000000e-09
50.060000000 1.000000000e-09
50.080000000 1.000000000e-09
50.100000000 1.000000000e-09
50.120000000 1.000000000e-09
50.140000000 1.000000000e-09
50.160000000 1.000000000e-09
50.180000000 1.000000000e-09
50.200000000 1.000000000e-09
50.220000000 1.000000000e-09
50.240000000 1.000000000e-09
50.260000000 1.000000000e-09
50.280000000 1.000000000e-09
50.300000000 1.000000000e-09
50.320000000 1.000000000e-09
50.340000000 1.000000000e-09
50.360000000 1.000000000e-09
50.380000000 1.000000000e-09
50.400000000 1.000000000e-09
50.420000000 1.000000000e-09
50.440000000 1.000000000e-09
50.460000000 1.000000000e-09
50.480000000 1.000000000e-09
50.500000000 1.000000000e-09
50.520000000 1.000000000e-09
50.540000000 1.000000000e-09
50.560000000 1.000000000e-09
50.580000000 1.000000000e-09
50.600000000 1.000000000e-09
50.620000000 1.000000000e-09
50.640000000 1.000000000e-09
50.660000000 1.000000000e-09
50.680000000 1.000000000e-09
50.700000000 1.000000000e-09
50.720000000 1.000000000e-09
50.740000000 1.000000000e-09
50.760000000 1.000000000e-09
50.780000000 1.000000000e-09
50.800000000 1.000000000e-09
50.820000000 1.000000000e-09
50.840000000 1.000000000e-09
50.860000000 1.000000000e-09
50.880000000 1.000000000e-09
50.900000000 1.000000000e-09
50.920000000 1.000000000e-09
50.940000000 1.000000000e-09
50.960000000 1.000000000e-09
50.980000000 1.000000000e-09
51.000000000 1.000000000e-09
51.020000000 1.000000000e-09
51.040000000 1.000000000e-09
51.060000000 1.000000000e-09
51.080000000 1.000000000e-09
51.100000000 1.000000000e-09
51.120000000 1.000000000e-09
51.140000000 1.000000000e-09
51.160000000 1.000000000e-09
51.180000000 1.000000000e-09
51.200000000 1.000000000e-09
51.220000000 1.000000000e-09
51.240000000 1.000000000e-09
51.260000000 1.000000000e-09
51.280000000 1.000000000e-09
51.300000000 1.000000000e-09
51.320000000 1.000000000e-09
51.340000000 1.000000000e-09
51.360000000 1.000000000e-09
51.380000000 1.000000000e-09
51.400000000 1.000000000e-09
51.420000000 1.000000000e-09
51.440000000 1.000000000e-09
51.460000000 1.000000000e-09
51.480000000 1.000000000e-09
51.500000000 1.000000000e-09
51.520000000 1.000000000e-09
51.540000000 1.000000000e-09
51.560000000 1.000000000e-09
51.580000000 1.000000000e-09
51.600000000 1.000000000e-09
51.620000000 1.000000000e-09
51.640000000 1.000000000e-09
51.660000000 1.000000000e-09
51.680000000 1.000000000e-09
51.700000000 1.000000000e-09
51.720000000 1.000000000e-09
51.740000000 1.000000000e-09
51.760000000 1.000000000e-09
51.780000000 1.000000000e-09
51.800000000 1.000000000e-09
51.820000000 1.000000000e-09
51.840000000 1.000000000e-09
51.860000000 1.000000000e-09
51.880000000 1.000000000e-09
51.900000000 1.000000000e-09
51.920000000 1.000000000e-09
51.940000000 1.000000000e-09
51.960000000 1.000000000e-09
51.980000000 1.000000000e-09
52.000000000 1.000000000e-09
52.020000000 1.000000000e-09
52.040000000 1.000000000e-09
52.060000000 1.000000000e-09
52.080000000 1.000000000e-09
52.100000000 1.000000000e-09
52.120000000 0.000000000e+00
52.140000000 0.000000000e+00
52.160000000 0.000000000e+00
52.180000000 0.000000000e+00
52.200000000 0.000000000e+00
52.220000000 0.000000000e+00
52.240000000 0.000000000e+00
52.260000000 0.000000000e+00
52.280000000 0.000000000e+00
52.300000000 0.000000000e+00
52.320000000 0.000000000e+00
52.340000000 0.000000000e+00
52.360000000 0.000000000e+00
52.380000000 0.000000000e+00
52.400000000 0.000000000e+00
52.420000000 0.000000000e+00
52.440000000 0.000000000e+00
52.460000000 0.000000000e+00
52.480000000 0.000000000e+00
52.500000000 0.000000000e+00
52.520000000 0.000000000e+00
52.540000000 0.000000000e+00
52.560000000 0.000000000e+00
52.580000000 0.000000000e+00
52.600000000 0.000000000e+00
52.620000000 0.000000000e+00
52.640000000 0.000000000e+00
52.660000000 0.000000000e+00
52.680000000 0.000000000e+00
52.700000000 0.000000000e+00
52.720000000 0.000000000e+00
52.740000000 0.000000000e+00
52.760000000 0.000000000e+00
52.780000000 0.000000000e+00
52.800000000 0.000000000e+00
52.820000000 0.000000000e+00
52.840000000 0.000000000e+00
52.860000000 0.000000000e+00
52.880000000 0.000000000e+00
52.900000000 0.000000000e+00
52.920000000 0.000000000e+00
52.940000000 0.000000000e+00
52.960000000 0.000000000e+00
52.980000000 0.000000000e+00
53.000000000 0.000000000e+00
53.020000000 0.000000000e+00
53.040000000 0.000000000e+00
53.060000000 0.000000000e+00
53.080000000 0.000000000e+00
53.100000000 0.000000000e+00
53.120000000 0.000000000e+00
53.140000000 0.000000000e+00
53.160000000 0.000000000e+00
53.180000000 0.000000000e+00
53.200000000 0.000000000e+00
53.220000000 0.000000000e+00
53.240000000 0.000000000e+00
53.260000000 0.000000000e+00
53.280000000 0.000000000e+00
53.300000000 0.000000000e+00
53.320000000 0.000000000e+00
53.340000000 0.000000000e+00
53.360000000 0.000000000e+00
53.380000000 0.000000000e+00
53.400000000 0.000000000e+00
53.420000000 0.000000000e+00
53.440000000 0.000000000e+00
53.460000000 0.000000000e+00
53.480000000 0.000000000e+00
53.500000000 0.000000000e+00
53.520000000 0.000000000e+00
53.540000000 0.000000000e+00
53.560000000 0.000000000e+00
53.580000000 0.000000000e+00
53.600000000 0.000000000e+00
53.620000000 0.000000000e+00
53.640000000 0.000000000e+00
53.660000000 0.000000000e+00
53.680000000 0.000000000e+00
53.700000000 0.000000000e+00
53.720000000 0.000000000e+00
53.740000000 0.000000000e+00
53.760000000 0.000000000e+00
53.780000000 0.000000000e+00
53.800000000 0.000000000e+00
53.820000000 0.000000000e+00
53.840000000 0.000000000e+00
53.860000000 0.000000000e+00
53.880000000 0.000000000e+00
53.900000000 0.000000000e+00
53.920000000 0.000000000e+00
53.940000000 0.000000000e+00
53.960000000 0.000000000e+00
53.980000000 0.000000000e+00
54.000000000 0.000000000e+00
54.020000000 0.000000000e+00
54.040000000 0.000000000e+00
54.060000000 0.000000000e+00
54.080000000 0.000000000e+00
54.100000000 0.000000000e+00
54.120000000 0.000000000e+00
54.140000000 0.000000000e+00
54.160000000 0.000000000e+00
54.180000000 0.000000000e+00
54.200000000 0.000000000e+00
54.220000000 0.000000000e+00
54.240000000 0.000000000e+00
54.260000000 0.000000000e+00
54.280000000 0.000000000e+00
54.300000000 0.000000000e+00
54.320000000 0.000000000e+00
54.340000000 0.000000000e+00
54.360000000 0.000000000e+00
54.380000000 0.000000000e+00
54.400000000 0.000000000e+00
54.420000000 0.000000000e+00
54.440000000 0.000000000e+00
54.460000000 0.000000000e+00
54.480000000 0.000000000e+00
54.500000000 0.000000000e+00
54.520000000 0.000000000e+00
54.540000000 0.000000000e+00
54.560000000 0.000000000e+00
54.580000000 0.000000000e+00
54.600000000 0.000000000e+00
54.620000000 0.000000000e+00
54.640000000 0.000000000e+00
54.660000000 0.000000000e+00
54.680000000 0.000000000e+00
54.700000000 0.000000000e+00
54.720000000 0.000000000e+00
54.740000000 0.000000000e+00
54.760000000 0.000000000e+00
54.780000000 0.000000000e+00
54.800000000 0.000000000e+00
54.820000000 0.000000000e+00
54.840000000 0.000000000e+00
54.860000000 0.000000000e+00
54.880000000 0.000000000e+00
54.900000000 0.000000000e+00
54.920000000 0.000000000e+00
54.940000000 0.000000000e+00
54.960000000 0.000000000e+00
54.980000000 0.000000000e+00
55.000000000 0.000000000e+00
55.020000000 0.000000000e+00
55.040000000 0.000000000e+00
55.060000000 0.000000000e+00
55.080000000 0.000000000e+00
55.100000000 0.000000000e+00
55.120000000 0.000000000e+00
55.140000000 0.000000000e+00
55.160000000 0.000000000e+00
55.180000000 0.000000000e+00
55.200000000 0.000000000e+00
55.220000000 0.000000000e+00
55.240000000 0.000000000e+00
55.260000000 0.000000000e+00
55.280000000 0.000000000e+00
55.300000000 0.000000000e+00
55.320000000 0.000000000e+00
55.340000000 0.000000000e+00
55.360000000 0.000000000e+00
55.380000000 0.000000000e+00
55.400000000 0.000000000e+00
55.420000000 0.000000000e+00
55.440000000 0.000000000e+00
55.460000000 0.000000000e+00
55.480000000 0.000000000e+00
55.500000000 0.000000000e+00
55.520000000 0.000000000e+00
55.540000000 0.000000000e+00
55.560000000 0.000000000e+00
55.580000000 0.000000000e+00
55.600000000 0.000000000e+00
55.620000000 0.000000000e+00
55.640000000 0.000000000e+00
55.660000000 0.000000000e+00
55.680000000 0.000000000e+00
55.700000000 0.000000000e+00
55.720000000 0.000000000e+00
55.740000000 0.000000000e+00
55.760000000 0.000000000e+00
55.780000000 0.000000000e+00
55.800000000 0.000000000e+00
55.820000000 0.000000000e+00
55.840000000 0.000000000e+00
55.860000000 0.000000000e+00
55.880000000 0.000000000e+00
55.900000000 0.000000000e+00
55.920000000 0.000000000e+00
55.940000000 0.000000000e+00
55.960000000 0.000000000e+00
55.980000000 0.000000000e+00
56.000000000 0.000000000e+00
56.020000000 0.000000000e+00
56.040000000 0.000000000e+00
56.060000000 0.000000000e+00
56.080000000 0.000000000e+00
56.100000000 0.000000000e+00
56.120000000 0.000000000e+00
56.140000000 0.000000000e+00
56.160000000 0.000000000e+00
56.180000000 0.000000000e+00
56.200000000 0.000000000e+00
56.220000000 0.000000000e+00
56.240000000 0.000000000e+00
56.260000000 0.000000000e+00
56.280000000 0.000000000e+00
56.300000000 0.000000000e+00
56.320000000 0.000000000e+00
56.340000000 0.000000000e+00
56.360000000 0.000000000e+00
56.380000000 0.000000000e+00
56.400000000 0.000000000e+00
56.420000000 0.000000000e+00
56.440000000 0.000000000e+00
56.460000000 0.000000000e+00
56.480000000 0.000000000e+00
56.500000000 0.000000000e+00
56.520000000 0.000000000e+00
56.540000000 0.000000000e+00
56.560000000 0.000000000e+00
56.580000000 0.000000000e+00
56.600000000 0.000000000e+00
56.620000000 0.000000000e+00
56.640000000 0.000000000e+00
56.660000000 0.000000000e+00
56.680000000 0.000000000e+00
56.700000000 0.000000000e+00
56.720000000 0.000000000e+00
56.740000000 0.000000000e+00
56.760000000 0.000000000e+00
56.780000000 0.000000000e+00
56.800000000 0.000000000e+00
56.820000000 0.000000000e+00
56.840000000 0.000000000e+00
56.860000000 0.000000000e+00
56.880000000 0.000000000e+00
56.900000000 0.000000000e+00
56.920000000 0.000000000e+00
56.940000000 0.000000000e+00
56.960000000 0.000000000e+00
56.980000000 0.000000000e+00
57.000000000 0.000000000e+00
57.020000000 0.000000000e+00
57.040000000 0.000000000e+00
57.060000000 0.000000000e+00
57.080000000 0.000000000e+00
57.100000000 0.000000000e+00
57.120000000 0.000000000e+00
57.140000000 0.000000000e+00
57.160000000 0.000000000e+00
57.180000000 0.000000000e+00
57.200000000 0.000000000e+00
57.220000000 0.000000000e+00
57.240000000 0.000000000e+00
57.260000000 0.000000000e+00
57.280000000 0.000000000e+00
57.300000000 0.000000000e+00
57.320000000 0.000000000e+00
57.340000000 0.000000000e+00
57.360000000 0.000000000e+00
57.380000000 0.000000000e+00
57.400000000 0.000000000e+00
57.420000000 0.000000000e+00
57.440000000 0.000000000e+00
57.460000000 0.000000000e+00
57.480000000 0.000000000e+00
57.500000000 0.000000000e+00
57.520000000 0.000000000e+00
57.540000000 0.000000000e+00
57.560000000 0.000000000e+00
57.580000000 0.000000000e+00
57.600000000 0.000000000e+00
57.620000000 0.000000000e+00
57.640000000 0.000000000e+00
57.660000000 0.000000000e+00
57.680000000 0.000000000e+00
57.700000000 0.000000000e+00
57.720000000 0.000000000e+00
57.740000000 0.000000000e+00
57.760000000 0.000000000e+00
57.780000000 0.000000000e+00
57.800000000 0.000000000e+00
57.820000000 0.000000000e+00
57.840000000 0.000000000e+00
57.860000000 0.000000000e+00
57.880000000 0.000000000e+00
57.900000000 0.000000000e+00
57.920000000 0.000000000e+00
57.940000000 0.000000000e+00
57.960000000 0.000000000e+00
57.980000000 0.000000000e+00
58.000000000 0.000000000e+00
58.020000000 0.000000000e+00
58.040000000 0.000000000e+00
58.060000000 0.000000000e+00
58.080000000 0.000000000e+00
58.100000000 0.000000000e+00
58.120000000 0.000000000e+00
58.140000000 0.000000000e+00
58.160000000 0.000000000e+00
58.180000000 0.000000000e+00
58.200000000 0.000000000e+00
58.220000000 0.000000000e+00
58.240000000 0.000000000e+00
58.260000000 0.000000000e+00
58.280000000 0.000000000e+00
58.300000000 0.000000000e+00
58.320000000 0.000000000e+00
58.340000000 0.000000000e+00
58.360000000 0.000000000e+00
58.380000000 0.000000000e+00
58.400000000 0.000000000e+00
58.420000000 0.000000000e+00
58.440000000 0.000000000e+00
58.460000000 0.000000000e+00
58.480000000 0.000000000e+00
58.500000000 0.000000000e+00
58.520000000 0.000000000e+00
58.540000000 0.000000000e+00
58.560000000 0.000000000e+00
58.580000000 0.000000000e+00
58.600000000 0.000000000e+00
58.620000000 0.000000000e+00
58.640000000 0.000000000e+00
58.660000000 0.000000000e+00
58.680000000 0.000000000e+00
58.700000000 0.000000000e+00
58.720000000 0.000000000e+00
58.740000000 0.000000000e+00
58.760000000 0.000000000e+00
58.780000000 0.000000000e+00
58.800000000 0.000000000e+00
58.820000000 0.000000000e+00
58.840000000 0.000000000e+00
58.860000000 0.000000000e+00
58.880000000 0.000000000e+00
58.900000000 0.000000000e+00
58.920000000 0.000000000e+00
58.940000000 0.000000000e+00
58.960000000 0.000000000e+00
58.980000000 0.000000000e+00
59.000000000 0.000000000e+00
59.020000000 0.000000000e+00
59.040000000 0.000000000e+00
59.060000000 0.000000000e+00
59.080000000 0.000000000e+00
59.100000000 0.000000000e+00
59.120000000 0.000000000e+00
59.140000000 0.000000000e+00
59.160000000 0.000000000e+00
59.180000000 0.000000000e+00
59.200000000 0.000000000e+00
59.220000000 0.000000000e+00
59.240000000 0.000000000e+00
59.260000000 0.000000000e+00
59.280000000 0.000000000e+00
59.300000000 0.000000000e+00
59.320000000 0.000000000e+00
59.340000000 0.000000000e+00
59.360000000 0.000000000e+00
59.380000000 0.000000000e+00
59.400000000 0.000000000e+00
59.420000000 0.000000000e+00
59.440000000 0.000000000e+00
59.460000000 0.000000000e+00
59.480000000 0.000000000e+00
59.500000000 0.000000000e+00
59.520000000 0.000000000e+00
59.540000000 0.000000000e+00
59.560000000 0.000000000e+00
59.580000000 0.000000000e+00
59.600000000 0.000000000e+00
59.620000000 0.000000000e+00
59.640000000 0.000000000e+00
59.660000000 0.000000000e+00
59.680000000 0.000000000e+00
59.700000000 0.000000000e+00
59.720000000 0.000000000e+00
59.740000000 0.000000000e+00
59.760000000 0.000000000e+00
59.780000000 0.000000000e+00
59.800000000 0.000000000e+00
59.820000000 0.000000000e+00
59.840000000 0.000000000e+00
59.860000000 0.000000000e+00
59.880000000 0.000000000e+00
59.900000000 0.000000000e+00
59.920000000 0.000000000e+00
59.940000000 0.000000000e+00
59.960000000 0.000000000e+00
59.980000000 0.000000000e+00
60.000000000 0.000000000e+00
