0.000000000 6.353760700e-01
0.020000000 6.353733180e-01
0.040000000 6.353650620e-01
0.060000000 6.353512970e-01
0.080000000 6.353320170e-01
0.100000000 6.353072120e-01
0.120000000 6.352768710e-01
0.140000000 6.352409780e-01
0.160000000 6.351995170e-01
0.180000000 6.351524670e-01
0.200000000 6.350998050e-01
0.220000000 6.350415050e-01
0.240000000 6.349775400e-01
0.260000000 6.349078780e-01
0.280000000 6.348324850e-01
0.300000000 6.347513250e-01
0.320000000 6.346643580e-01
0.340000000 6.345715420e-01
0.360000000 6.344728310e-01
0.380000000 6.343681780e-01
0.400000000 6.342575320e-01
0.420000000 6.341408380e-01
0.440000000 6.340180390e-01
0.460000000 6.338890760e-01
0.480000000 6.337538860e-01
0.500000000 6.336124020e-01
0.520000000 6.334645550e-01
0.540000000 6.333102740e-01
0.560000000 6.331494810e-01
0.580000000 6.329820990e-01
0.600000000 6.328080450e-01
0.620000000 6.326272350e-01
0.640000000 6.324395780e-01
0.660000000 6.322449830e-01
0.680000000 6.320433530e-01
0.700000000 6.318345900e-01
0.720000000 6.316185910e-01
0.740000000 6.313952490e-01
0.760000000 6.311644530e-01
0.780000000 6.309260890e-01
0.800000000 6.306800400e-01
0.820000000 6.304261830e-01
0.840000000 6.301643930e-01
0.860000000 6.298945390e-01
0.880000000 6.296164870e-01
0.900000000 6.293300990e-01
0.920000000 6.290352310e-01
0.940000000 6.287317380e-01
0.960000000 6.284194660e-01
0.980000000 6.280982600e-01
1.000000000 6.277679590e-01
1.020000000 6.274283970e-01
1.040000000 6.270794040e-01
1.060000000 6.267208040e-01
1.080000000 6.263524160e-01
1.100000000 6.259740540e-01
1.120000000 6.255855280e-01
1.140000000 6.251866410e-01
1.160000000 6.247771910e-01
1.180000000 6.243569690e-01
1.200000000 6.239257630e-01
1.220000000 6.234833530e-01
1.240000000 6.230295140e-01
1.260000000 6.225640140e-01
1.280000000 6.220866140e-01
1.300000000 6.215970710e-01
1.320000000 6.210951330e-01
1.340000000 6.205805430e-01
1.360000000 6.200530350e-01
1.380000000 6.195123380e-01
1.400000000 6.189581730e-01
1.420000000 6.183902540e-01
1.440000000 6.178082850e-01
1.460000000 6.172119660e-01
1.480000000 6.166009860e-01
1.500000000 6.159750270e-01
1.520000000 6.153337640e-01
1.540000000 6.146768610e-01
1.560000000 6.140039740e-01
1.580000000 6.133147520e-01
1.600000000 6.126088330e-01
1.620000000 6.118858460e-01
1.640000000 6.111454110e-01
1.660000000 6.103871370e-01
1.680000000 6.096106240e-01
1.700000000 6.088154620e-01
1.720000000 6.080012300e-01
1.740000000 6.071674960e-01
1.760000000 6.063138190e-01
1.780000000 6.054397450e-01
1.800000000 6.045448090e-01
1.820000000 6.036285350e-01
1.840000000 6.026904340e-01
1.860000000 6.017300060e-01
1.880000000 6.007467390e-01
1.900000000 5.997401070e-01
1.920000000 5.987095740e-01
1.940000000 5.976545860e-01
1.960000000 5.965745820e-01
1.980000000 5.954689830e-01
2.000000000 5.943371990e-01
2.020000000 5.931786230e-01
2.040000000 5.919926380e-01
2.060000000 5.907786110e-01
2.080000000 5.895358930e-01
2.100000000 5.882638230e-01
2.120000000 5.869617250e-01
2.140000000 5.856289070e-01
2.160000000 5.842646640e-01
2.180000000 5.828682740e-01
2.200000000 5.814390020e-01
2.220000000 5.799760980e-01
2.240000000 5.784787970e-01
2.260000000 5.769463190e-01
2.280000000 5.753778710e-01
2.300000000 5.737726440e-01
2.320000000 5.721298180e-01
2.340000000 5.704485550e-01
2.360000000 5.687280100e-01
2.380000000 5.669673200e-01
2.400000000 5.651656140e-01
2.420000000 5.633220090e-01
2.440000000 5.614356120e-01
2.460000000 5.595055210e-01
2.480000000 5.575308250e-01
2.500000000 5.555106100e-01
2.520000000 5.534439520e-01
2.540000000 5.513299290e-01
2.560000000 5.491676130e-01
2.580000000 5.469560810e-01
2.600000000 5.446944100e-01
2.620000000 5.423816840e-01
2.640000000 5.400169960e-01
2.660000000 5.375994500e-01
2.680000000 5.351281650e-01
2.700000000 5.326022800e-01
2.720000000 5.300209560e-01
2.740000000 5.273833820e-01
2.760000000 5.246887790e-01
2.780000000 5.219364060e-01
2.800000000 5.191255640e-01
2.820000000 5.162556020e-01
2.840000000 5.133259260e-01
2.860000000 5.103360010e-01
2.880000000 5.072853600e-01
2.900000000 5.041736140e-01
2.920000000 5.010004550e-01
2.940000000 4.977656630e-01
2.960000000 4.944691190e-01
2.980000000 4.911108090e-01
3.000000000 4.876908310e-01
3.020000000 4.842094060e-01
3.040000000 4.806668830e-01
3.060000000 4.770637490e-01
3.080000000 4.734006300e-01
3.100000000 4.696783060e-01
3.120000000 4.658977080e-01
3.140000000 4.620599290e-01
3.160000000 4.581662260e-01
3.180000000 4.542180220e-01
3.200000000 4.502169060e-01
3.220000000 4.461646380e-01
3.240000000 4.420631430e-01
3.260000000 4.379145110e-01
3.280000000 4.337209910e-01
3.300000000 4.294849860e-01
3.320000000 4.252090440e-01
3.340000000 4.208958510e-01
3.360000000 4.165482170e-01
3.380000000 4.121690680e-01
3.400000000 4.077614290e-01
3.420000000 4.033284100e-01
3.440000000 3.988731920e-01
3.460000000 3.943990110e-01
3.480000000 3.899091400e-01
3.500000000 3.854068700e-01
3.520000000 3.808955020e-01
3.540000000 3.763783180e-01
3.560000000 3.718585750e-01
3.580000000 3.673394870e-01
3.600000000 3.628242060e-01
3.620000000 3.583158170e-01
3.640000000 3.538173180e-01
3.660000000 3.493316120e-01
3.680000000 3.448614990e-01
3.700000000 3.404096670e-01
3.720000000 3.359786810e-01
3.740000000 3.315709850e-01
3.760000000 3.271888900e-01
3.780000000 3.228345760e-01
3.800000000 3.185100900e-01
3.820000000 3.142173430e-01
3.840000000 3.099581110e-01
3.860000000 3.057340390e-01
3.880000000 3.015466370e-01
3.900000000 2.973972900e-01
3.920000000 2.932872570e-01
3.940000000 2.892176740e-01
3.960000000 2.851895630e-01
3.980000000 2.812038320e-01
4.000000000 2.772612790e-01
4.020000000 2.733626040e-01
4.040000000 2.695084070e-01
4.060000000 2.656991940e-01
4.080000000 2.619353870e-01
4.100000000 2.582173250e-01
4.120000000 2.545452680e-01
4.140000000 2.509194070e-01
4.160000000 2.473398630e-01
4.180000000 2.438066960e-01
4.200000000 2.403199080e-01
4.220000000 2.368794460e-01
4.240000000 2.334852090e-01
4.260000000 2.301370480e-01
4.280000000 2.268347740e-01
4.300000000 2.235781590e-01
4.320000000 2.203669400e-01
4.340000000 2.172008220e-01
4.360000000 2.140794800e-01
4.380000000 2.110025640e-01
4.400000000 2.079697010e-01
4.420000000 2.049804950e-01
4.440000000 2.020345330e-01
4.460000000 1.991313840e-01
4.480000000 1.962706040e-01
4.500000000 1.934517340e-01
4.520000000 1.906743040e-01
4.540000000 1.879378370e-01
4.560000000 1.852418450e-01
4.580000000 1.825858350e-01
4.600000000 1.799693080e-01
4.620000000 1.773917580e-01
4.640000000 1.748526810e-01
4.660000000 1.723515660e-01
4.680000000 1.698879030e-01
4.700000000 1.674611790e-01
4.720000000 1.650708840e-01
4.740000000 1.627165070e-01
4.760000000 1.603975390e-01
4.780000000 1.581134710e-01
4.800000000 1.558637990e-01
4.820000000 1.536480210e-01
4.840000000 1.514656380e-01
4.860000000 1.493161540e-01
4.880000000 1.471990790e-01
4.900000000 1.451139240e-01
4.920000000 1.430602080e-01
4.940000000 1.410374530e-01
4.960000000 1.390451870e-01
4.980000000 1.370829400e-01
5.000000000 1.351502520e-01
5.020000000 1.332466650e-01
5.040000000 1.313717280e-01
5.060000000 1.295249960e-01
5.080000000 1.277060280e-01
5.100000000 1.259143900e-01
5.120000000 1.241496540e-01
5.140000000 1.224113980e-01
5.160000000 1.206992040e-01
5.180000000 1.190126630e-01
5.200000000 1.173513700e-01
5.220000000 1.157149250e-01
5.240000000 1.141029360e-01
5.260000000 1.125150160e-01
5.280000000 1.109507830e-01
5.300000000 1.094098630e-01
5.320000000 1.078918860e-01
5.340000000 1.063964870e-01
5.360000000 1.049233100e-01
5.380000000 1.034720000e-01
5.400000000 1.020422120e-01
5.420000000 1.006336030e-01
5.440000000 9.924583900e-02
5.460000000 9.787858800e-02
5.480000000 9.653152600e-02
5.500000000 9.520433200e-02
5.520000000 9.389669100e-02
5.540000000 9.260829500e-02
5.560000000 9.133883900e-02
5.580000000 9.008802300e-02
5.600000000 8.885555400e-02
5.620000000 8.764114000e-02
5.640000000 8.644449800e-02
5.660000000 8.526534700e-02
5.680000000 8.410341200e-02
5.700000000 8.295842300e-02
5.720000000 8.183011100e-02
5.740000000 8.071821700e-02
5.760000000 7.962248200e-02
5.780000000 7.854265200e-02
5.800000000 7.747848000e-02
5.820000000 7.642971900e-02
5.840000000 7.539613000e-02
5.860000000 7.437747500e-02
5.880000000 7.337352200e-02
5.900000000 7.238404200e-02
5.920000000 7.140881000e-02
5.940000000 7.044760400e-02
5.960000000 6.950020700e-02
5.980000000 6.856640400e-02
6.000000000 6.764598600e-02
6.020000000 6.673874600e-02
6.040000000 6.584448000e-02
6.060000000 6.496298800e-02
6.080000000 6.409407300e-02
6.100000000 6.323754200e-02
6.120000000 6.239320500e-02
6.140000000 6.156087500e-02
6.160000000 6.074036700e-02
6.180000000 5.993150100e-02
6.200000000 5.913409800e-02
6.220000000 5.834798400e-02
6.240000000 5.757298700e-02
6.260000000 5.680893800e-02
6.280000000 5.605566900e-02
6.300000000 5.531301800e-02
6.320000000 5.458082300e-02
6.340000000 5.385892600e-02
6.360000000 5.314717200e-02
6.380000000 5.244540600e-02
6.400000000 5.175347800e-02
6.420000000 5.107124000e-02
6.440000000 5.039854700e-02
6.460000000 4.973525400e-02
6.480000000 4.908122100e-02
6.500000000 4.843630900e-02
6.520000000 4.780038100e-02
6.540000000 4.717330300e-02
6.560000000 4.655494200e-02
6.580000000 4.594517000e-02
6.600000000 4.534385700e-02
6.620000000 4.475087900e-02
6.640000000 4.416611000e-02
6.660000000 4.358943000e-02
6.680000000 4.302071800e-02
6.700000000 4.245985700e-02
6.720000000 4.190673000e-02
6.740000000 4.136122300e-02
6.760000000 4.082322500e-02
6.780000000 4.029262300e-02
6.800000000 3.976931000e-02
6.820000000 3.925317900e-02
6.840000000 3.874412300e-02
6.860000000 3.824204000e-02
6.880000000 3.774682700e-02
6.900000000 3.725838400e-02
6.920000000 3.677661100e-02
6.940000000 3.630141200e-02
6.960000000 3.583269100e-02
6.980000000 3.537035400e-02
7.000000000 3.491430700e-02
7.020000000 3.446445900e-02
7.040000000 3.402072100e-02
7.060000000 3.358300500e-02
7.080000000 3.315122200e-02
7.100000000 3.272528700e-02
7.120000000 3.230511600e-02
7.140000000 3.189062600e-02
7.160000000 3.148173400e-02
7.180000000 3.107836100e-02
7.200000000 3.068042700e-02
7.220000000 3.028785400e-02
7.240000000 2.990056500e-02
7.260000000 2.951848400e-02
7.280000000 2.914153700e-02
7.300000000 2.876965100e-02
7.320000000 2.840275300e-02
7.340000000 2.804077300e-02
7.360000000 2.768364000e-02
7.380000000 2.733128400e-02
7.400000000 2.698364000e-02
7.420000000 2.664063800e-02
7.440000000 2.630221500e-02
7.460000000 2.596830400e-02
7.480000000 2.563884200e-02
7.500000000 2.531376600e-02
7.520000000 2.499301400e-02
7.540000000 2.467652500e-02
7.560000000 2.436424000e-02
7.580000000 2.405609800e-02
7.600000000 2.375204100e-02
7.620000000 2.345201300e-02
7.640000000 2.315595700e-02
7.660000000 2.286381700e-02
7.680000000 2.257553800e-02
7.700000000 2.229106500e-02
7.720000000 2.201034700e-02
7.740000000 2.173333100e-02
7.760000000 2.145996400e-02
7.780000000 2.119019600e-02
7.800000000 2.092397700e-02
7.820000000 2.066125800e-02
7.840000000 2.040198900e-02
7.860000000 2.014612400e-02
7.880000000 1.989361400e-02
7.900000000 1.964441400e-02
7.920000000 1.939847700e-02
7.940000000 1.915575900e-02
7.960000000 1.891621500e-02
7.980000000 1.867980000e-02
8.000000000 1.844647300e-02
8.020000000 1.821619000e-02
8.040000000 1.798891000e-02
8.060000000 1.776459100e-02
8.080000000 1.754319200e-02
8.100000000 1.732467400e-02
8.120000000 1.710899700e-02
8.140000000 1.689612200e-02
8.160000000 1.668601100e-02
8.180000000 1.647862600e-02
8.200000000 1.627392900e-02
8.220000000 1.607188400e-02
8.240000000 1.587245500e-02
8.260000000 1.567560600e-02
8.280000000 1.548130300e-02
8.300000000 1.528950900e-02
8.320000000 1.510019200e-02
8.340000000 1.491331800e-02
8.360000000 1.472885300e-02
8.380000000 1.454676500e-02
8.400000000 1.436702100e-02
8.420000000 1.418959100e-02
8.440000000 1.401444200e-02
8.460000000 1.384154400e-02
8.480000000 1.367086600e-02
8.500000000 1.350237900e-02
8.520000000 1.333605300e-02
8.540000000 1.317185900e-02
8.560000000 1.300976700e-02
8.580000000 1.284975100e-02
8.600000000 1.269178200e-02
8.620000000 1.253583200e-02
8.640000000 1.238187500e-02
8.660000000 1.222988400e-02
8.680000000 1.207983200e-02
8.700000000 1.193169300e-02
8.720000000 1.178544300e-02
8.740000000 1.164105500e-02
8.760000000 1.149850500e-02
8.780000000 1.135776900e-02
8.800000000 1.121882100e-02
8.820000000 1.108163900e-02
8.840000000 1.094619900e-02
8.860000000 1.081247800e-02
8.880000000 1.068045200e-02
8.900000000 1.055010000e-02
8.920000000 1.042139900e-02
8.940000000 1.029432700e-02
8.960000000 1.016886300e-02
8.980000000 1.004498600e-02
9.000000000 9.922674000e-03
9.020000000 9.801906000e-03
9.040000000 9.682663000e-03
9.060000000 9.564925000e-03
9.080000000 9.448670000e-03
9.100000000 9.333881000e-03
9.120000000 9.220537000e-03
9.140000000 9.108620000e-03
9.160000000 8.998110000e-03
9.180000000 8.888990000e-03
9.200000000 8.781241000e-03
9.220000000 8.674844000e-03
9.240000000 8.569784000e-03
9.260000000 8.466041000e-03
9.280000000 8.363598000e-03
9.300000000 8.262440000e-03
9.320000000 8.162548000e-03
9.340000000 8.063906000e-03
9.360000000 7.966498000e-03
9.380000000 7.870308000e-03
9.400000000 7.775320000e-03
9.420000000 7.681519000e-03
9.440000000 7.588888000e-03
9.460000000 7.497412000e-03
9.480000000 7.407078000e-03
9.500000000 7.317869000e-03
9.520000000 7.229771000e-03
9.540000000 7.142770000e-03
9.560000000 7.056852000e-03
9.580000000 6.972002000e-03
9.600000000 6.888206000e-03
9.620000000 6.805452000e-03
9.640000000 6.723725000e-03
9.660000000 6.643013000e-03
9.680000000 6.563302000e-03
9.700000000 6.484578000e-03
9.720000000 6.406831000e-03
9.740000000 6.330046000e-03
9.760000000 6.254212000e-03
9.780000000 6.179316000e-03
9.800000000 6.105346000e-03
9.820000000 6.032291000e-03
9.840000000 5.960138000e-03
9.860000000 5.888876000e-03
9.880000000 5.818494000e-03
9.900000000 5.748979000e-03
9.920000000 5.680322000e-03
9.940000000 5.612511000e-03
9.960000000 5.545536000e-03
9.980000000 5.479385000e-03
10.000000000 5.414048000e-03
10.020000000 5.349514000e-03
10.040000000 5.285774000e-03
10.060000000 5.222818000e-03
10.080000000 5.160634000e-03
10.100000000 5.099214000e-03
10.120000000 5.038548000e-03
10.140000000 4.978626000e-03
10.160000000 4.919438000e-03
10.180000000 4.860976000e-03
10.200000000 4.803229000e-03
10.220000000 4.746190000e-03
10.240000000 4.689849000e-03
10.260000000 4.634197000e-03
10.280000000 4.579225000e-03
10.300000000 4.524925000e-03
10.320000000 4.471288000e-03
10.340000000 4.418306000e-03
10.360000000 4.365971000e-03
10.380000000 4.314274000e-03
10.400000000 4.263207000e-03
10.420000000 4.212763000e-03
10.440000000 4.162933000e-03
10.460000000 4.113710000e-03
10.480000000 4.065086000e-03
10.500000000 4.017054000e-03
10.520000000 3.969606000e-03
10.540000000 3.922734000e-03
10.560000000 3.876432000e-03
10.580000000 3.830692000e-03
10.600000000 3.785508000e-03
10.620000000 3.740872000e-03
10.640000000 3.696777000e-03
10.660000000 3.653217000e-03
10.680000000 3.610184000e-03
10.700000000 3.567673000e-03
10.720000000 3.525677000e-03
10.740000000 3.484189000e-03
10.760000000 3.443203000e-03
10.780000000 3.402713000e-03
10.800000000 3.362712000e-03
10.820000000 3.323194000e-03
10.840000000 3.284154000e-03
10.860000000 3.245585000e-03
10.880000000 3.207482000e-03
10.900000000 3.169838000e-03
10.920000000 3.132648000e-03
10.940000000 3.095906000e-03
10.960000000 3.059607000e-03
10.980000000 3.023746000e-03
11.000000000 2.988316000e-03
11.020000000 2.953312000e-03
11.040000000 2.918730000e-03
11.060000000 2.884563000e-03
11.080000000 2.850807000e-03
11.100000000 2.817456000e-03
11.120000000 2.784507000e-03
11.140000000 2.751952000e-03
11.160000000 2.719789000e-03
11.180000000 2.688011000e-03
11.200000000 2.656614000e-03
11.220000000 2.625594000e-03
11.240000000 2.594945000e-03
11.260000000 2.564664000e-03
11.280000000 2.534745000e-03
11.300000000 2.505184000e-03
11.320000000 2.475977000e-03
11.340000000 2.447119000e-03
11.360000000 2.418606000e-03
11.380000000 2.390434000e-03
11.400000000 2.362599000e-03
11.420000000 2.335096000e-03
11.440000000 2.307921000e-03
11.460000000 2.281070000e-03
11.480000000 2.254540000e-03
11.500000000 2.228326000e-03
11.520000000 2.202425000e-03
11.540000000 2.176832000e-03
11.560000000 2.151544000e-03
11.580000000 2.126557000e-03
11.600000000 2.101868000e-03
11.620000000 2.077472000e-03
11.640000000 2.053366000e-03
11.660000000 2.029548000e-03
11.680000000 2.006012000e-03
11.700000000 1.982756000e-03
11.720000000 1.959776000e-03
11.740000000 1.937068000e-03
11.760000000 1.914631000e-03
11.780000000 1.892459000e-03
11.800000000 1.870551000e-03
11.820000000 1.848902000e-03
11.840000000 1.827510000e-03
11.860000000 1.806371000e-03
11.880000000 1.785483000e-03
11.900000000 1.764842000e-03
11.920000000 1.744445000e-03
11.940000000 1.724290000e-03
11.960000000 1.704373000e-03
11.980000000 1.684691000e-03
12.000000000 1.665242000e-03
12.020000000 1.646023000e-03
12.040000000 1.627031000e-03
12.060000000 1.608263000e-03
12.080000000 1.589717000e-03
12.100000000 1.571389000e-03
12.120000000 1.553278000e-03
12.140000000 1.535380000e-03
12.160000000 1.517694000e-03
12.180000000 1.500215000e-03
12.200000000 1.482943000e-03
12.220000000 1.465874000e-03
12.240000000 1.449006000e-03
12.260000000 1.432336000e-03
12.280000000 1.415863000e-03
12.300000000 1.399583000e-03
12.320000000 1.383495000e-03
12.340000000 1.367595000e-03
12.360000000 1.351883000e-03
12.380000000 1.336355000e-03
12.400000000 1.321010000e-03
12.420000000 1.305844000e-03
12.440000000 1.290857000e-03
12.460000000 1.276045000e-03
12.480000000 1.261407000e-03
12.500000000 1.246941000e-03
12.520000000 1.232644000e-03
12.540000000 1.218515000e-03
12.560000000 1.204551000e-03
12.580000000 1.190751000e-03
12.600000000 1.177112000e-03
12.620000000 1.163633000e-03
12.640000000 1.150312000e-03
12.660000000 1.137146000e-03
12.680000000 1.124134000e-03
12.700000000 1.111275000e-03
12.720000000 1.098565000e-03
12.740000000 1.086004000e-03
12.760000000 1.073590000e-03
12.780000000 1.061321000e-03
12.800000000 1.049195000e-03
12.820000000 1.037210000e-03
12.840000000 1.025365000e-03
12.860000000 1.013658000e-03
12.880000000 1.002088000e-03
12.900000000 9.906520000e-04
12.920000000 9.793500000e-04
12.940000000 9.681790000e-04
12.960000000 9.571390000e-04
12.980000000 9.462270000e-04
13.000000000 9.354420000e-04
13.020000000 9.247820000e-04
13.040000000 9.142460000e-04
13.060000000 9.038330000e-04
13.080000000 8.935410000e-04
13.100000000 8.833680000e-04
13.120000000 8.733140000e-04
13.140000000 8.633760000e-04
13.160000000 8.535530000e-04
13.180000000 8.438450000e-04
13.200000000 8.342490000e-04
13.220000000 8.247650000e-04
13.240000000 8.153910000e-04
13.260000000 8.061250000e-04
13.280000000 7.969660000e-04
13.300000000 7.879140000e-04
13.320000000 7.789670000e-04
13.340000000 7.701230000e-04
13.360000000 7.613820000e-04
13.380000000 7.527410000e-04
13.400000000 7.442010000e-04
13.420000000 7.357600000e-04
13.440000000 7.274160000e-04
13.460000000 7.191680000e-04
13.480000000 7.110160000e-04
13.500000000 7.029580000e-04
13.520000000 6.949940000e-04
13.540000000 6.871210000e-04
13.560000000 6.793390000e-04
13.580000000 6.716470000e-04
13.600000000 6.640430000e-04
13.620000000 6.565280000e-04
13.640000000 6.490990000e-04
13.660000000 6.417560000e-04
13.680000000 6.344970000e-04
13.700000000 6.273220000e-04
13.720000000 6.202300000e-04
13.740000000 6.132190000e-04
13.760000000 6.062890000e-04
13.780000000 5.994390000e-04
13.800000000 5.926680000e-04
13.820000000 5.859740000e-04
13.840000000 5.793580000e-04
13.860000000 5.728180000e-04
13.880000000 5.663520000e-04
13.900000000 5.599620000e-04
13.920000000 5.536440000e-04
13.940000000 5.474000000e-04
13.960000000 5.412260000e-04
13.980000000 5.351240000e-04
14.000000000 5.290920000e-04
14.020000000 5.231290000e-04
14.040000000 5.172350000e-04
14.060000000 5.114080000e-04
14.080000000 5.056480000e-04
14.100000000 4.999540000e-04
14.120000000 4.943250000e-04
14.140000000 4.887610000e-04
14.160000000 4.832610000e-04
14.180000000 4.778230000e-04
14.200000000 4.724480000e-04
14.220000000 4.671340000e-04
14.240000000 4.618810000e-04
14.260000000 4.566890000e-04
14.280000000 4.515550000e-04
14.300000000 4.464810000e-04
14.320000000 4.414640000e-04
14.340000000 4.365050000e-04
14.360000000 4.316020000e-04
14.380000000 4.267560000e-04
14.400000000 4.219650000e-04
14.420000000 4.172280000e-04
14.440000000 4.125460000e-04
14.460000000 4.079170000e-04
14.480000000 4.033410000e-04
14.500000000 3.988170000e-04
14.520000000 3.943450000e-04
14.540000000 3.899240000e-04
14.560000000 3.855530000e-04
14.580000000 3.812320000e-04
14.600000000 3.769600000e-04
14.620000000 3.727370000e-04
14.640000000 3.685620000e-04
14.660000000 3.644350000e-04
14.680000000 3.603540000e-04
14.700000000 3.563200000e-04
14.720000000 3.523320000e-04
14.740000000 3.483900000e-04
14.760000000 3.444920000e-04
14.780000000 3.406380000e-04
14.800000000 3.368290000e-04
14.820000000 3.330620000e-04
14.840000000 3.293390000e-04
14.860000000 3.256570000e-04
14.880000000 3.220180000e-04
14.900000000 3.184200000e-04
14.920000000 3.148630000e-04
14.940000000 3.113460000e-04
14.960000000 3.078690000e-04
14.980000000 3.044310000e-04
15.000000000 3.010330000e-04
15.020000000 2.976730000e-04
15.040000000 2.943510000e-04
15.060000000 2.910670000e-04
15.080000000 2.878200000e-04
15.100000000 2.846100000e-04
15.120000000 2.814360000e-04
15.140000000 2.782990000e-04
15.160000000 2.751960000e-04
15.180000000 2.721290000e-04
15.200000000 2.690970000e-04
15.220000000 2.660990000e-04
15.240000000 2.631350000e-04
15.260000000 2.602040000e-04
15.280000000 2.573070000e-04
15.300000000 2.544420000e-04
15.320000000 2.516100000e-04
15.340000000 2.488090000e-04
15.360000000 2.460410000e-04
15.380000000 2.433040000e-04
15.400000000 2.405970000e-04
15.420000000 2.379210000e-04
15.440000000 2.352760000e-04
15.460000000 2.326600000e-04
15.480000000 2.300740000e-04
15.500000000 2.275170000e-04
15.520000000 2.249880000e-04
15.540000000 2.224890000e-04
15.560000000 2.200170000e-04
15.580000000 2.175740000e-04
15.600000000 2.151580000e-04
15.620000000 2.127690000e-04
15.640000000 2.104070000e-04
15.660000000 2.080720000e-04
15.680000000 2.057630000e-04
15.700000000 2.034800000e-04
15.720000000 2.012230000e-04
15.740000000 1.989910000e-04
15.760000000 1.967840000e-04
15.780000000 1.946020000e-04
15.800000000 1.924450000e-04
15.820000000 1.903120000e-04
15.840000000 1.882030000e-04
15.860000000 1.861170000e-04
15.880000000 1.840550000e-04
15.900000000 1.820170000e-04
15.920000000 1.800010000e-04
15.940000000 1.780080000e-04
15.960000000 1.760370000e-04
15.980000000 1.740880000e-04
16.000000000 1.721610000e-04
16.020000000 1.702560000e-04
16.040000000 1.683730000e-04
16.060000000 1.665100000e-04
16.080000000 1.646680000e-04
16.100000000 1.628470000e-04
16.120000000 1.610470000e-04
16.140000000 1.592660000e-04
16.160000000 1.575060000e-04
16.180000000 1.557650000e-04
16.200000000 1.540440000e-04
16.220000000 1.523420000e-04
16.240000000 1.506590000e-04
16.260000000 1.489950000e-04
16.280000000 1.473500000e-04
16.300000000 1.457230000e-04
16.320000000 1.441140000e-04
16.340000000 1.425230000e-04
16.360000000 1.409500000e-04
16.380000000 1.393950000e-04
16.400000000 1.378570000e-04
16.420000000 1.363370000e-04
16.440000000 1.348330000e-04
16.460000000 1.333460000e-04
16.480000000 1.318760000e-04
16.500000000 1.304220000e-04
16.520000000 1.289840000e-04
16.540000000 1.275630000e-04
16.560000000 1.261570000e-04
16.580000000 1.247670000e-04
16.600000000 1.233930000e-04
16.620000000 1.220340000e-04
16.640000000 1.206900000e-04
16.660000000 1.193610000e-04
16.680000000 1.180470000e-04
16.700000000 1.167470000e-04
16.720000000 1.154630000e-04
16.740000000 1.141920000e-04
16.760000000 1.129360000e-04
16.780000000 1.116930000e-04
16.800000000 1.104650000e-04
16.820000000 1.092500000e-04
16.840000000 1.080480000e-04
16.860000000 1.068600000e-04
16.880000000 1.056860000e-04
16.900000000 1.045240000e-04
16.920000000 1.033750000e-04
16.940000000 1.022390000e-04
16.960000000 1.011160000e-04
16.980000000 1.000050000e-04
17.000000000 9.890700000e-05
17.020000000 9.782100000e-05
17.040000000 9.674700000e-05
17.060000000 9.568500000e-05
17.080000000 9.463400000e-05
17.100000000 9.359600000e-05
17.120000000 9.256900000e-05
17.140000000 9.155300000e-05
17.160000000 9.054900000e-05
17.180000000 8.955500000e-05
17.200000000 8.857300000e-05
17.220000000 8.760200000e-05
17.240000000 8.664100000e-05
17.260000000 8.569100000e-05
17.280000000 8.475200000e-05
17.300000000 8.382300000e-05
17.320000000 8.290500000e-05
17.340000000 8.199600000e-05
17.360000000 8.109800000e-05
17.380000000 8.021000000e-05
17.400000000 7.933100000e-05
17.420000000 7.846200000e-05
17.440000000 7.760300000e-05
17.460000000 7.675400000e-05
17.480000000 7.591400000e-05
17.500000000 7.508300000e-05
17.520000000 7.426100000e-05
17.540000000 7.344900000e-05
17.560000000 7.264500000e-05
17.580000000 7.185000000e-05
17.600000000 7.106500000e-05
17.620000000 7.028700000e-05
17.640000000 6.951900000e-05
17.660000000 6.875900000e-05
17.680000000 6.800700000e-05
17.700000000 6.726400000e-05
17.720000000 6.652900000e-05
17.740000000 6.580200000e-05
17.760000000 6.508300000e-05
17.780000000 6.437200000e-05
17.800000000 6.366900000e-05
17.820000000 6.297400000e-05
17.840000000 6.228600000e-05
17.860000000 6.160600000e-05
17.880000000 6.093300000e-05
17.900000000 6.026800000e-05
17.920000000 5.961000000e-05
17.940000000 5.896000000e-05
17.960000000 5.831700000e-05
17.980000000 5.768000000e-05
18.000000000 5.705100000e-05
18.020000000 5.642900000e-05
18.040000000 5.581400000e-05
18.060000000 5.520500000e-05
18.080000000 5.460300000e-05
18.100000000 5.400800000e-05
18.120000000 5.341900000e-05
18.140000000 5.283700000e-05
18.160000000 5.226100000e-05
18.180000000 5.169200000e-05
18.200000000 5.112900000e-05
18.220000000 5.057200000e-05
18.240000000 5.002100000e-05
18.260000000 4.947600000e-05
18.280000000 4.893800000e-05
18.300000000 4.840500000e-05
18.320000000 4.787800000e-05
18.340000000 4.735700000e-05
18.360000000 4.684100000e-05
18.380000000 4.633200000e-05
18.400000000 4.582700000e-05
18.420000000 4.532900000e-05
18.440000000 4.483600000e-05
18.460000000 4.434800000e-05
18.480000000 4.386600000e-05
18.500000000 4.338900000e-05
18.520000000 4.291700000e-05
18.540000000 4.245100000e-05
18.560000000 4.198900000e-05
18.580000000 4.153300000e-05
18.600000000 4.108200000e-05
18.620000000 4.063500000e-05
18.640000000 4.019400000e-05
18.660000000 3.975700000e-05
18.680000000 3.932500000e-05
18.700000000 3.889800000e-05
18.720000000 3.847600000e-05
18.740000000 3.805800000e-05
18.760000000 3.764500000e-05
18.780000000 3.723600000e-05
18.800000000 3.683200000e-05
18.820000000 3.643200000e-05
18.840000000 3.603700000e-05
18.860000000 3.564600000e-05
18.880000000 3.525900000e-05
18.900000000 3.487700000e-05
18.920000000 3.449800000e-05
18.940000000 3.412400000e-05
18.960000000 3.375400000e-05
18.980000000 3.338800000e-05
19.000000000 3.302600000e-05
19.020000000 3.266800000e-05
19.040000000 3.231400000e-05
19.060000000 3.196400000e-05
19.080000000 3.161800000e-05
19.100000000 3.127500000e-05
19.120000000 3.093600000e-05
19.140000000 3.060100000e-05
19.160000000 3.027000000e-05
19.180000000 2.994200000e-05
19.200000000 2.961800000e-05
19.220000000 2.929700000e-05
19.240000000 2.898000000e-05
19.260000000 2.866600000e-05
19.280000000 2.835600000e-05
19.300000000 2.804900000e-05
19.320000000 2.774600000e-05
19.340000000 2.744500000e-05
19.360000000 2.714900000e-05
19.380000000 2.685500000e-05
19.400000000 2.656400000e-05
19.420000000 2.627700000e-05
19.440000000 2.599300000e-05
19.460000000 2.571200000e-05
19.480000000 2.543400000e-05
19.500000000 2.515900000e-05
19.520000000 2.488700000e-05
19.540000000 2.461800000e-05
19.560000000 2.435200000e-05
19.580000000 2.408900000e-05
19.600000000 2.382900000e-05
19.620000000 2.357100000e-05
19.640000000 2.331700000e-05
19.660000000 2.306500000e-05
19.680000000 2.281600000e-05
19.700000000 2.256900000e-05
19.720000000 2.232600000e-05
19.740000000 2.208500000e-05
19.760000000 2.184600000e-05
19.780000000 2.161100000e-05
19.800000000 2.137700000e-05
19.820000000 2.114700000e-05
19.840000000 2.091800000e-05
19.860000000 2.069300000e-05
19.880000000 2.047000000e-05
19.900000000 2.024900000e-05
19.920000000 2.003000000e-05
19.940000000 1.981400000e-05
19.960000000 1.960100000e-05
19.980000000 1.938900000e-05
20.000000000 1.918000000e-05
20.020000000 1.897400000e-05
20.040000000 1.876900000e-05
20.060000000 1.856700000e-05
20.080000000 1.836700000e-05
20.100000000 1.816900000e-05
20.120000000 1.797300000e-05
20.140000000 1.778000000e-05
20.160000000 1.758800000e-05
20.180000000 1.739900000e-05
20.200000000 1.721100000e-05
20.220000000 1.702600000e-05
20.240000000 1.684300000e-05
20.260000000 1.666100000e-05
20.280000000 1.648200000e-05
20.300000000 1.630500000e-05
20.320000000 1.612900000e-05
20.340000000 1.595500000e-05
20.360000000 1.578400000e-05
20.380000000 1.561400000e-05
20.400000000 1.544600000e-05
20.420000000 1.528000000e-05
20.440000000 1.511600000e-05
20.460000000 1.495300000e-05
20.480000000 1.479200000e-05
20.500000000 1.463300000e-05
20.520000000 1.447600000e-05
20.540000000 1.432000000e-05
20.560000000 1.416600000e-05
20.580000000 1.401400000e-05
20.600000000 1.386300000e-05
20.620000000 1.371400000e-05
20.640000000 1.356700000e-05
20.660000000 1.342100000e-05
20.680000000 1.327700000e-05
20.700000000 1.313400000e-05
20.720000000 1.299300000e-05
20.740000000 1.285400000e-05
20.760000000 1.271600000e-05
20.780000000 1.257900000e-05
20.800000000 1.244400000e-05
20.820000000 1.231100000e-05
20.840000000 1.217900000e-05
20.860000000 1.204800000e-05
20.880000000 1.191900000e-05
20.900000000 1.179100000e-05
20.920000000 1.166400000e-05
20.940000000 1.153900000e-05
20.960000000 1.141500000e-05
20.980000000 1.129300000e-05
21.000000000 1.117200000e-05
21.020000000 1.105200000e-05
21.040000000 1.093300000e-05
21.060000000 1.081600000e-05
21.080000000 1.070000000e-05
21.100000000 1.058500000e-05
21.120000000 1.047200000e-05
21.140000000 1.036000000e-05
21.160000000 1.024900000e-05
21.180000000 1.013900000e-05
21.200000000 1.003000000e-05
21.220000000 9.923000000e-06
21.240000000 9.816000000e-06
21.260000000 9.711000000e-06
21.280000000 9.607000000e-06
21.300000000 9.504000000e-06
21.320000000 9.403000000e-06
21.340000000 9.302000000e-06
21.360000000 9.202000000e-06
21.380000000 9.104000000e-06
21.400000000 9.006000000e-06
21.420000000 8.910000000e-06
21.440000000 8.815000000e-06
21.460000000 8.720000000e-06
21.480000000 8.627000000e-06
21.500000000 8.535000000e-06
21.520000000 8.443000000e-06
21.540000000 8.353000000e-06
21.560000000 8.264000000e-06
21.580000000 8.175000000e-06
21.600000000 8.088000000e-06
21.620000000 8.001000000e-06
21.640000000 7.916000000e-06
21.660000000 7.831000000e-06
21.680000000 7.747000000e-06
21.700000000 7.665000000e-06
21.720000000 7.583000000e-06
21.740000000 7.502000000e-06
21.760000000 7.421000000e-06
21.780000000 7.342000000e-06
21.800000000 7.264000000e-06
21.820000000 7.186000000e-06
21.840000000 7.109000000e-06
21.860000000 7.033000000e-06
21.880000000 6.958000000e-06
21.900000000 6.884000000e-06
21.920000000 6.810000000e-06
21.940000000 6.738000000e-06
21.960000000 6.666000000e-06
21.980000000 6.595000000e-06
22.000000000 6.524000000e-06
22.020000000 6.455000000e-06
22.040000000 6.386000000e-06
22.060000000 6.317000000e-06
22.080000000 6.250000000e-06
22.100000000 6.183000000e-06
22.120000000 6.117000000e-06
22.140000000 6.052000000e-06
22.160000000 5.988000000e-06
22.180000000 5.924000000e-06
22.200000000 5.860000000e-06
22.220000000 5.798000000e-06
22.240000000 5.736000000e-06
22.260000000 5.675000000e-06
22.280000000 5.614000000e-06
22.300000000 5.555000000e-06
22.320000000 5.495000000e-06
22.340000000 5.437000000e-06
22.360000000 5.379000000e-06
22.380000000 5.322000000e-06
22.400000000 5.265000000e-06
22.420000000 5.209000000e-06
22.440000000 5.153000000e-06
22.460000000 5.098000000e-06
22.480000000 5.044000000e-06
22.500000000 4.990000000e-06
22.520000000 4.937000000e-06
22.540000000 4.885000000e-06
22.560000000 4.833000000e-06
22.580000000 4.781000000e-06
22.600000000 4.730000000e-06
22.620000000 4.680000000e-06
22.640000000 4.630000000e-06
22.660000000 4.581000000e-06
22.680000000 4.532000000e-06
22.700000000 4.484000000e-06
22.720000000 4.436000000e-06
22.740000000 4.389000000e-06
22.760000000 4.342000000e-06
22.780000000 4.296000000e-06
22.800000000 4.250000000e-06
22.820000000 4.205000000e-06
22.840000000 4.160000000e-06
22.860000000 4.116000000e-06
22.880000000 4.072000000e-06
22.900000000 4.029000000e-06
22.920000000 3.986000000e-06
22.940000000 3.944000000e-06
22.960000000 3.902000000e-06
22.980000000 3.860000000e-06
23.000000000 3.819000000e-06
23.020000000 3.779000000e-06
23.040000000 3.738000000e-06
23.060000000 3.699000000e-06
23.080000000 3.659000000e-06
23.100000000 3.621000000e-06
23.120000000 3.582000000e-06
23.140000000 3.544000000e-06
23.160000000 3.506000000e-06
23.180000000 3.469000000e-06
23.200000000 3.432000000e-06
23.220000000 3.396000000e-06
23.240000000 3.360000000e-06
23.260000000 3.324000000e-06
23.280000000 3.289000000e-06
23.300000000 3.254000000e-06
23.320000000 3.219000000e-06
23.340000000 3.185000000e-06
23.360000000 3.151000000e-06
23.380000000 3.118000000e-06
23.400000000 3.085000000e-06
23.420000000 3.052000000e-06
23.440000000 3.020000000e-06
23.460000000 2.988000000e-06
23.480000000 2.956000000e-06
23.500000000 2.925000000e-06
23.520000000 2.894000000e-06
23.540000000 2.863000000e-06
23.560000000 2.833000000e-06
23.580000000 2.802000000e-06
23.600000000 2.773000000e-06
23.620000000 2.743000000e-06
23.640000000 2.714000000e-06
23.660000000 2.685000000e-06
23.680000000 2.657000000e-06
23.700000000 2.629000000e-06
23.720000000 2.601000000e-06
23.740000000 2.573000000e-06
23.760000000 2.546000000e-06
23.780000000 2.519000000e-06
23.800000000 2.492000000e-06
23.820000000 2.466000000e-06
23.840000000 2.440000000e-06
23.860000000 2.414000000e-06
23.880000000 2.389000000e-06
23.900000000 2.363000000e-06
23.920000000 2.338000000e-06
23.940000000 2.313000000e-06
23.960000000 2.289000000e-06
23.980000000 2.265000000e-06
24.000000000 2.241000000e-06
24.020000000 2.217000000e-06
24.040000000 2.194000000e-06
24.060000000 2.170000000e-06
24.080000000 2.147000000e-06
24.100000000 2.125000000e-06
24.120000000 2.102000000e-06
24.140000000 2.080000000e-06
24.160000000 2.058000000e-06
24.180000000 2.036000000e-06
24.200000000 2.015000000e-06
24.220000000 1.993000000e-06
24.240000000 1.972000000e-06
24.260000000 1.951000000e-06
24.280000000 1.931000000e-06
24.300000000 1.910000000e-06
24.320000000 1.890000000e-06
24.340000000 1.870000000e-06
24.360000000 1.850000000e-06
24.380000000 1.831000000e-06
24.400000000 1.811000000e-06
24.420000000 1.792000000e-06
24.440000000 1.773000000e-06
24.460000000 1.755000000e-06
24.480000000 1.736000000e-06
24.500000000 1.718000000e-06
24.520000000 1.699000000e-06
24.540000000 1.682000000e-06
24.560000000 1.664000000e-06
24.580000000 1.646000000e-06
24.600000000 1.629000000e-06
24.620000000 1.612000000e-06
24.640000000 1.595000000e-06
24.660000000 1.578000000e-06
24.680000000 1.561000000e-06
24.700000000 1.545000000e-06
24.720000000 1.528000000e-06
24.740000000 1.512000000e-06
24.760000000 1.496000000e-06
24.780000000 1.480000000e-06
24.800000000 1.465000000e-06
24.820000000 1.449000000e-06
24.840000000 1.434000000e-06
24.860000000 1.419000000e-06
24.880000000 1.404000000e-06
24.900000000 1.389000000e-06
24.920000000 1.374000000e-06
24.940000000 1.360000000e-06
24.960000000 1.346000000e-06
24.980000000 1.331000000e-06
25.000000000 1.317000000e-06
25.020000000 1.303000000e-06
25.040000000 1.290000000e-06
25.060000000 1.276000000e-06
25.080000000 1.263000000e-06
25.100000000 1.249000000e-06
25.120000000 1.236000000e-06
25.140000000 1.223000000e-06
25.160000000 1.210000000e-06
25.180000000 1.197000000e-06
25.200000000 1.185000000e-06
25.220000000 1.172000000e-06
25.240000000 1.160000000e-06
25.260000000 1.148000000e-06
25.280000000 1.136000000e-06
25.300000000 1.124000000e-06
25.320000000 1.112000000e-06
25.340000000 1.100000000e-06
25.360000000 1.088000000e-06
25.380000000 1.077000000e-06
25.400000000 1.066000000e-06
25.420000000 1.054000000e-06
25.440000000 1.043000000e-06
25.460000000 1.032000000e-06
25.480000000 1.021000000e-06
25.500000000 1.011000000e-06
25.520000000 1.000000000e-06
25.540000000 9.900000000e-07
25.560000000 9.790000000e-07
25.580000000 9.690000000e-07
25.600000000 9.590000000e-07
25.620000000 9.490000000e-07
25.640000000 9.390000000e-07
25.660000000 9.290000000e-07
25.680000000 9.190000000e-07
25.700000000 9.090000000e-07
25.720000000 9.000000000e-07
25.740000000 8.900000000e-07
25.760000000 8.810000000e-07
25.780000000 8.720000000e-07
25.800000000 8.620000000e-07
25.820000000 8.530000000e-07
25.840000000 8.440000000e-07
25.860000000 8.350000000e-07
25.880000000 8.270000000e-07
25.900000000 8.180000000e-07
25.920000000 8.090000000e-07
25.940000000 8.010000000e-07
25.960000000 7.920000000e-07
25.980000000 7.840000000e-07
26.000000000 7.760000000e-07
26.020000000 7.680000000e-07
26.040000000 7.600000000e-07
26.060000000 7.520000000e-07
26.080000000 7.440000000e-07
26.100000000 7.360000000e-07
26.120000000 7.280000000e-07
26.140000000 7.210000000e-07
26.160000000 7.130000000e-07
26.180000000 7.050000000e-07
26.200000000 6.980000000e-07
26.220000000 6.910000000e-07
26.240000000 6.830000000e-07
26.260000000 6.760000000e-07
26.280000000 6.690000000e-07
26.300000000 6.620000000e-07
26.320000000 6.550000000e-07
26.340000000 6.480000000e-07
26.360000000 6.420000000e-07
26.380000000 6.350000000e-07
26.400000000 6.280000000e-07
26.420000000 6.220000000e-07
26.440000000 6.150000000e-07
26.460000000 6.090000000e-07
26.480000000 6.020000000e-07
26.500000000 5.960000000e-07
26.520000000 5.900000000e-07
26.540000000 5.830000000e-07
26.560000000 5.770000000e-07
26.580000000 5.710000000e-07
26.600000000 5.650000000e-07
26.620000000 5.590000000e-07
26.640000000 5.530000000e-07
26.660000000 5.480000000e-07
26.680000000 5.420000000e-07
26.700000000 5.360000000e-07
26.720000000 5.310000000e-07
26.740000000 5.250000000e-07
26.760000000 5.190000000e-07
26.780000000 5.140000000e-07
26.800000000 5.090000000e-07
26.820000000 5.030000000e-07
26.840000000 4.980000000e-07
26.860000000 4.930000000e-07
26.880000000 4.880000000e-07
26.900000000 4.830000000e-07
26.920000000 4.770000000e-07
26.940000000 4.720000000e-07
26.960000000 4.670000000e-07
26.980000000 4.630000000e-07
27.000000000 4.580000000e-07
27.020000000 4.530000000e-07
27.040000000 4.480000000e-07
27.060000000 4.440000000e-07
27.080000000 4.390000000e-07
27.100000000 4.340000000e-07
27.120000000 4.300000000e-07
27.140000000 4.250000000e-07
27.160000000 4.210000000e-07
27.180000000 4.160000000e-07
27.200000000 4.120000000e-07
27.220000000 4.080000000e-07
27.240000000 4.030000000e-07
27.260000000 3.990000000e-07
27.280000000 3.950000000e-07
27.300000000 3.910000000e-07
27.320000000 3.870000000e-07
27.340000000 3.830000000e-07
27.360000000 3.790000000e-07
27.380000000 3.750000000e-07
27.400000000 3.710000000e-07
27.420000000 3.670000000e-07
27.440000000 3.630000000e-07
27.460000000 3.590000000e-07
27.480000000 3.560000000e-07
27.500000000 3.520000000e-07
27.520000000 3.480000000e-07
27.540000000 3.440000000e-07
27.560000000 3.410000000e-07
27.580000000 3.370000000e-07
27.600000000 3.340000000e-07
27.620000000 3.300000000e-07
27.640000000 3.270000000e-07
27.660000000 3.230000000e-07
27.680000000 3.200000000e-07
27.700000000 3.170000000e-07
27.720000000 3.130000000e-07
27.740000000 3.100000000e-07
27.760000000 3.070000000e-07
27.780000000 3.040000000e-07
27.800000000 3.000000000e-07
27.820000000 2.970000000e-07
27.840000000 2.940000000e-07
27.860000000 2.910000000e-07
27.880000000 2.880000000e-07
27.900000000 2.850000000e-07
27.920000000 2.820000000e-07
27.940000000 2.790000000e-07
27.960000000 2.760000000e-07
27.980000000 2.730000000e-07
28.000000000 2.710000000e-07
28.020000000 2.680000000e-07
28.040000000 2.650000000e-07
28.060000000 2.620000000e-07
28.080000000 2.590000000e-07
28.100000000 2.570000000e-07
28.120000000 2.540000000e-07
28.140000000 2.510000000e-07
28.160000000 2.490000000e-07
28.180000000 2.460000000e-07
28.200000000 2.440000000e-07
28.220000000 2.410000000e-07
28.240000000 2.380000000e-07
28.260000000 2.360000000e-07
28.280000000 2.340000000e-07
28.300000000 2.310000000e-07
28.320000000 2.290000000e-07
28.340000000 2.260000000e-07
28.360000000 2.240000000e-07
28.380000000 2.220000000e-07
28.400000000 2.190000000e-07
28.420000000 2.170000000e-07
28.440000000 2.150000000e-07
28.460000000 2.120000000e-07
28.480000000 2.100000000e-07
28.500000000 2.080000000e-07
28.520000000 2.060000000e-07
28.540000000 2.040000000e-07
28.560000000 2.020000000e-07
28.580000000 2.000000000e-07
28.600000000 1.970000000e-07
28.620000000 1.950000000e-07
28.640000000 1.930000000e-07
28.660000000 1.910000000e-07
28.680000000 1.890000000e-07
28.700000000 1.870000000e-07
28.720000000 1.850000000e-07
28.740000000 1.830000000e-07
28.760000000 1.820000000e-07
28.780000000 1.800000000e-07
28.800000000 1.780000000e-07
28.820000000 1.760000000e-07
28.840000000 1.740000000e-07
28.860000000 1.720000000e-07
28.880000000 1.700000000e-07
28.900000000 1.690000000e-07
28.920000000 1.670000000e-07
28.940000000 1.650000000e-07
28.960000000 1.630000000e-07
28.980000000 1.620000000e-07
29.000000000 1.600000000e-07
29.020000000 1.580000000e-07
29.040000000 1.570000000e-07
29.060000000 1.550000000e-07
29.080000000 1.540000000e-07
29.100000000 1.520000000e-07
29.120000000 1.500000000e-07
29.140000000 1.490000000e-07
29.160000000 1.470000000e-07
29.180000000 1.460000000e-07
29.200000000 1.440000000e-07
29.220000000 1.430000000e-07
29.240000000 1.410000000e-07
29.260000000 1.400000000e-07
29.280000000 1.380000000e-07
29.300000000 1.370000000e-07
29.320000000 1.350000000e-07
29.340000000 1.340000000e-07
29.360000000 1.330000000e-07
29.380000000 1.310000000e-07
29.400000000 1.300000000e-07
29.420000000 1.280000000e-07
29.440000000 1.270000000e-07
29.460000000 1.260000000e-07
29.480000000 1.250000000e-07
29.500000000 1.230000000e-07
29.520000000 1.220000000e-07
29.540000000 1.210000000e-07
29.560000000 1.190000000e-07
29.580000000 1.180000000e-07
29.600000000 1.170000000e-07
29.620000000 1.160000000e-07
29.640000000 1.150000000e-07
29.660000000 1.130000000e-07
29.680000000 1.120000000e-07
29.700000000 1.110000000e-07
29.720000000 1.100000000e-07
29.740000000 1.090000000e-07
29.760000000 1.080000000e-07
29.780000000 1.060000000e-07
29.800000000 1.050000000e-07
29.820000000 1.040000000e-07
29.840000000 1.030000000e-07
29.860000000 1.020000000e-07
29.880000000 1.010000000e-07
29.900000000 1.000000000e-07
29.920000000 9.900000000e-08
29.940000000 9.800000000e-08
29.960000000 9.700000000e-08
29.980000000 9.600000000e-08
30.000000000 9.500000000e-08
30.020000000 9.400000000e-08
30.040000000 9.300000000e-08
30.060000000 9.200000000e-08
30.080000000 9.100000000e-08
30.100000000 9.000000000e-08
30.120000000 8.900000000e-08
30.140000000 8.800000000e-08
30.160000000 8.700000000e-08
30.180000000 8.600000000e-08
30.200000000 8.500000000e-08
30.220000000 8.500000000e-08
30.240000000 8.400000000e-08
30.260000000 8.300000000e-08
30.280000000 8.200000000e-08
30.300000000 8.100000000e-08
30.320000000 8.000000000e-08
30.340000000 7.900000000e-08
30.360000000 7.900000000e-08
30.380000000 7.800000000e-08
30.400000000 7.700000000e-08
30.420000000 7.600000000e-08
30.440000000 7.500000000e-08
30.460000000 7.500000000e-08
30.480000000 7.400000000e-08
30.500000000 7.300000000e-08
30.520000000 7.200000000e-08
30.540000000 7.200000000e-08
30.560000000 7.100000000e-08
30.580000000 7.000000000e-08
30.600000000 6.900000000e-08
30.620000000 6.900000000e-08
30.640000000 6.800000000e-08
30.660000000 6.700000000e-08
30.680000000 6.700000000e-08
30.700000000 6.600000000e-08
30.720000000 6.500000000e-08
30.740000000 6.400000000e-08
30.760000000 6.400000000e-08
30.780000000 6.300000000e-08
30.800000000 6.200000000e-08
30.820000000 6.200000000e-08
30.840000000 6.100000000e-08
30.860000000 6.100000000e-08
30.880000000 6.000000000e-08
30.900000000 5.900000000e-08
30.920000000 5.900000000e-08
30.940000000 5.800000000e-08
30.960000000 5.700000000e-08
30.980000000 5.700000000e-08
31.000000000 5.600000000e-08
31.020000000 5.600000000e-08
31.040000000 5.500000000e-08
31.060000000 5.500000000e-08
31.080000000 5.400000000e-08
31.100000000 5.300000000e-08
31.120000000 5.300000000e-08
31.140000000 5.200000000e-08
31.160000000 5.200000000e-08
31.180000000 5.100000000e-08
31.200000000 5.100000000e-08
31.220000000 5.000000000e-08
31.240000000 5.000000000e-08
31.260000000 4.900000000e-08
31.280000000 4.900000000e-08
31.300000000 4.800000000e-08
31.320000000 4.800000000e-08
31.340000000 4.700000000e-08
31.360000000 4.700000000e-08
31.380000000 4.600000000e-08
31.400000000 4.600000000e-08
31.420000000 4.500000000e-08
31.440000000 4.500000000e-08
31.460000000 4.400000000e-08
31.480000000 4.400000000e-08
31.500000000 4.300000000e-08
31.520000000 4.300000000e-08
31.540000000 4.200000000e-08
31.560000000 4.200000000e-08
31.580000000 4.200000000e-08
31.600000000 4.100000000e-08
31.620000000 4.100000000e-08
31.640000000 4.000000000e-08
31.660000000 4.000000000e-08
31.680000000 4.000000000e-08
31.700000000 3.900000000e-08
31.720000000 3.900000000e-08
31.740000000 3.800000000e-08
31.760000000 3.800000000e-08
31.780000000 3.800000000e-08
31.800000000 3.700000000e-08
31.820000000 3.700000000e-08
31.840000000 3.600000000e-08
31.860000000 3.600000000e-08
31.880000000 3.600000000e-08
31.900000000 3.500000000e-08
31.920000000 3.500000000e-08
31.940000000 3.500000000e-08
31.960000000 3.400000000e-08
31.980000000 3.400000000e-08
32.000000000 3.300000000e-08
32.020000000 3.300000000e-08
32.040000000 3.300000000e-08
32.060000000 3.200000000e-08
32.080000000 3.200000000e-08
32.100000000 3.200000000e-08
32.120000000 3.100000000e-08
32.140000000 3.100000000e-08
32.160000000 3.100000000e-08
32.180000000 3.000000000e-08
32.200000000 3.000000000e-08
32.220000000 3.000000000e-08
32.240000000 3.000000000e-08
32.260000000 2.900000000e-08
32.280000000 2.900000000e-08
32.300000000 2.900000000e-08
32.320000000 2.800000000e-08
32.340000000 2.800000000e-08
32.360000000 2.800000000e-08
32.380000000 2.700000000e-08
32.400000000 2.700000000e-08
32.420000000 2.700000000e-08
32.440000000 2.700000000e-08
32.460000000 2.600000000e-08
32.480000000 2.600000000e-08
32.500000000 2.600000000e-08
32.520000000 2.600000000e-08
32.540000000 2.500000000e-08
32.560000000 2.500000000e-08
32.580000000 2.500000000e-08
32.600000000 2.400000000e-08
32.620000000 2.400000000e-08
32.640000000 2.400000000e-08
32.660000000 2.400000000e-08
32.680000000 2.300000000e-08
32.700000000 2.300000000e-08
32.720000000 2.300000000e-08
32.740000000 2.300000000e-08
32.760000000 2.300000000e-08
32.780000000 2.200000000e-08
32.800000000 2.200000000e-08
32.820000000 2.200000000e-08
32.840000000 2.200000000e-08
32.860000000 2.100000000e-08
32.880000000 2.100000000e-08
32.900000000 2.100000000e-08
32.920000000 2.100000000e-08
32.940000000 2.100000000e-08
32.960000000 2.000000000e-08
32.980000000 2.000000000e-08
33.000000000 2.000000000e-08
33.020000000 2.000000000e-08
33.040000000 1.900000000e-08
33.060000000 1.900000000e-08
33.080000000 1.900000000e-08
33.100000000 1.900000000e-08
33.120000000 1.900000000e-08
33.140000000 1.900000000e-08
33.160000000 1.800000000e-08
33.180000000 1.800000000e-08
33.200000000 1.800000000e-08
33.220000000 1.800000000e-08
33.240000000 1.800000000e-08
33.260000000 1.700000000e-08
33.280000000 1.700000000e-08
33.300000000 1.700000000e-08
33.320000000 1.700000000e-08
33.340000000 1.700000000e-08
33.360000000 1.700000000e-08
33.380000000 1.600000000e-08
33.400000000 1.600000000e-08
33.420000000 1.600000000e-08
33.440000000 1.600000000e-08
33.460000000 1.600000000e-08
33.480000000 1.600000000e-08
33.500000000 1.500000000e-08
33.520000000 1.500000000e-08
33.540000000 1.500000000e-08
33.560000000 1.500000000e-08
33.580000000 1.500000000e-08
33.600000000 1.500000000e-08
33.620000000 1.400000000e-08
33.640000000 1.400000000e-08
33.660000000 1.400000000e-08
33.680000000 1.400000000e-08
33.700000000 1.400000000e-08
33.720000000 1.400000000e-08
33.740000000 1.400000000e-08
33.760000000 1.300000000e-08
33.780000000 1.300000000e-08
33.800000000 1.300000000e-08
33.820000000 1.300000000e-08
33.840000000 1.300000000e-08
33.860000000 1.300000000e-08
33.880000000 1.300000000e-08
33.900000000 1.200000000e-08
33.920000000 1.200000000e-08
33.940000000 1.200000000e-08
33.960000000 1.200000000e-08
33.980000000 1.200000000e-08
34.000000000 1.200000000e-08
34.020000000 1.200000000e-08
34.040000000 1.200000000e-08
34.060000000 1.100000000e-08
34.080000000 1.100000000e-08
34.100000000 1.100000000e-08
34.120000000 1.100000000e-08
34.140000000 1.100000000e-08
34.160000000 1.100000000e-08
34.180000000 1.100000000e-08
34.200000000 1.100000000e-08
34.220000000 1.100000000e-08
34.240000000 1.000000000e-08
34.260000000 1.000000000e-08
34.280000000 1.000000000e-08
34.300000000 1.000000000e-08
34.320000000 1.000000000e-08
34.340000000 1.000000000e-08
34.360000000 1.000000000e-08
34.380000000 1.000000000e-08
34.400000000 1.000000000e-08
34.420000000 1.000000000e-08
34.440000000 9.000000000e-09
34.460000000 9.000000000e-09
34.480000000 9.000000000e-09
34.500000000 9.000000000e-09
34.520000000 9.000000000e-09
34.540000000 9.000000000e-09
34.560000000 9.000000000e-09
34.580000000 9.000000000e-09
34.600000000 9.000000000e-09
34.620000000 9.000000000e-09
34.640000000 9.000000000e-09
34.660000000 8.000000000e-09
34.680000000 8.000000000e-09
34.700000000 8.000000000e-09
34.720000000 8.000000000e-09
34.740000000 8.000000000e-09
34.760000000 8.000000000e-09
34.780000000 8.000000000e-09
34.800000000 8.000000000e-09
34.820000000 8.000000000e-09
34.840000000 8.000000000e-09
34.860000000 8.000000000e-09
34.880000000 8.000000000e-09
34.900000000 7.000000000e-09
34.920000000 7.000000000e-09
34.940000000 7.000000000e-09
34.960000000 7.000000000e-09
34.980000000 7.000000000e-09
35.000000000 7.000000000e-09
35.020000000 7.000000000e-09
35.040000000 7.000000000e-09
35.060000000 7.000000000e-09
35.080000000 7.000000000e-09
35.100000000 7.000000000e-09
35.120000000 7.000000000e-09
35.140000000 7.000000000e-09
35.160000000 7.000000000e-09
35.180000000 6.000000000e-09
35.200000000 6.000000000e-09
35.220000000 6.000000000e-09
35.240000000 6.000000000e-09
35.260000000 6.000000000e-09
35.280000000 6.000000000e-09
35.300000000 6.000000000e-09
35.320000000 6.000000000e-09
35.340000000 6.000000000e-09
35.360000000 6.000000000e-09
35.380000000 6.000000000e-09
35.400000000 6.000000000e-09
35.420000000 6.000000000e-09
35.440000000 6.000000000e-09
35.460000000 6.000000000e-09
35.480000000 6.000000000e-09
35.500000000 5.000000000e-09
35.520000000 5.000000000e-09
35.540000000 5.000000000e-09
35.560000000 5.000000000e-09
35.580000000 5.000000000e-09
35.600000000 5.000000000e-09
35.620000000 5.000000000e-09
35.640000000 5.000000000e-09
35.660000000 5.000000000e-09
35.680000000 5.000000000e-09
35.700000000 5.000000000e-09
35.720000000 5.000000000e-09
35.740000000 5.000000000e-09
35.760000000 5.000000000e-09
35.780000000 5.000000000e-09
35.800000000 5.000000000e-09
35.820000000 5.000000000e-09
35.840000000 5.000000000e-09
35.860000000 5.000000000e-09
35.880000000 4.000000000e-09
35.900000000 4.000000000e-09
35.920000000 4.000000000e-09
35.940000000 4.000000000e-09
35.960000000 4.000000000e-09
35.980000000 4.000000000e-09
36.000000000 4.000000000e-09
36.020000000 4.000000000e-09
36.040000000 4.000000000e-09
36.060000000 4.000000000e-09
36.080000000 4.000000000e-09
36.100000000 4.000000000e-09
36.120000000 4.000000000e-09
36.140000000 4.000000000e-09
36.160000000 4.000000000e-09
36.180000000 4.000000000e-09
36.200000000 4.000000000e-09
36.220000000 4.000000000e-09
36.240000000 4.000000000e-09
36.260000000 4.000000000e-09
36.280000000 4.000000000e-09
36.300000000 4.000000000e-09
36.320000000 4.000000000e-09
36.340000000 4.000000000e-09
36.360000000 3.000000000e-09
36.380000000 3.000000000e-09
36.400000000 3.000000000e-09
36.420000000 3.000000000e-09
36.440000000 3.000000000e-09
36.460000000 3.000000000e-09
36.480000000 3.000000000e-09
36.500000000 3.000000000e-09
36.520000000 3.000000000e-09
36.540000000 3.000000000e-09
36.560000000 3.000000000e-09
36.580000000 3.000000000e-09
36.600000000 3.000000000e-09
36.620000000 3.000000000e-09
36.640000000 3.000000000e-09
36.660000000 3.000000000e-09
36.680000000 3.000000000e-09
36.700000000 3.000000000e-09
36.720000000 3.000000000e-09
36.740000000 3.000000000e-09
36.760000000 3.000000000e-09
36.780000000 3.000000000e-09
36.800000000 3.000000000e-09
36.820000000 3.000000000e-09
36.840000000 3.000000000e-09
36.860000000 3.000000000e-09
36.880000000 3.000000000e-09
36.900000000 3.000000000e-09
36.920000000 3.000000000e-09
36.940000000 3.000000000e-09
36.960000000 3.000000000e-09
36.980000000 3.000000000e-09
37.000000000 3.000000000e-09
37.020000000 2.000000000e-09
37.040000000 2.000000000e-09
37.060000000 2.000000000e-09
37.080000000 2.000000000e-09
37.100000000 2.000000000e-09
37.120000000 2.000000000e-09
37.140000000 2.000000000e-09
37.160000000 2.000000000e-09
37.180000000 2.000000000e-09
37.200000000 2.000000000e-09
37.220000000 2.000000000e-09
37.240000000 2.000000000e-09
37.260000000 2.000000000e-09
37.280000000 2.000000000e-09
37.300000000 2.000000000e-09
37.320000000 2.000000000e-09
37.340000000 2.000000000e-09
37.360000000 2.000000000e-09
37.380000000 2.000000000e-09
37.400000000 2.000000000e-09
37.420000000 2.000000000e-09
37.440000000 2.000000000e-09
37.460000000 2.000000000e-09
37.480000000 2.000000000e-09
37.500000000 2.000000000e-09
37.520000000 2.000000000e-09
37.540000000 2.000000000e-09
37.560000000 2.000000000e-09
37.580000000 2.000000000e-09
37.600000000 2.000000000e-09
37.620000000 2.000000000e-09
37.640000000 2.000000000e-09
37.660000000 2.000000000e-09
37.680000000 2.000000000e-09
37.700000000 2.000000000e-09
37.720000000 2.000000000e-09
37.740000000 2.000000000e-09
37.760000000 2.000000000e-09
37.780000000 2.000000000e-09
37.800000000 2.000000000e-09
37.820000000 2.000000000e-09
37.840000000 2.000000000e-09
37.860000000 2.000000000e-09
37.880000000 2.000000000e-09
37.900000000 2.000000000e-09
37.920000000 2.000000000e-09
37.940000000 2.000000000e-09
37.960000000 2.000000000e-09
37.980000000 2.000000000e-09
38.000000000 2.000000000e-09
38.020000000 1.000000000e-09
38.040000000 1.000000000e-09
38.060000000 1.000000000e-09
38.080000000 1.000000000e-09
38.100000000 1.000000000e-09
38.120000000 1.000000000e-09
38.140000000 1.000000000e-09
38.160000000 1.000000000e-09
38.180000000 1.000000000e-09
38.200000000 1.000000000e-09
38.220000000 1.000000000e-09
38.240000000 1.000000000e-09
38.260000000 1.000000000e-09
38.280000000 1.000000000e-09
38.300000000 1.000000000e-09
38.320000000 1.000000000e-09
38.340000000 1.000000000e-09
38.360000000 1.000000000e-09
38.380000000 1.000000000e-09
38.400000000 1.000000000e-09
38.420000000 1.000000000e-09
38.440000000 1.000000000e-09
38.460000000 1.000000000e-09
38.480000000 1.000000000e-09
38.500000000 1.000000000e-09
38.520000000 1.000000000e-09
38.540000000 1.000000000e-09
38.560000000 1.000000000e-09
38.580000000 1.000000000e-09
38.600000000 1.000000000e-09
38.620000000 1.000000000e-09
38.640000000 1.000000000e-09
38.660000000 1.000000000e-09
38.680000000 1.000000000e-09
38.700000000 1.000000000e-09
38.720000000 1.000000000e-09
38.740000000 1.000000000e-09
38.760000000 1.000000000e-09
38.780000000 1.000000000e-09
38.800000000 1.000000000e-09
38.820000000 1.000000000e-09
38.840000000 1.000000000e-09
38.860000000 1.000000000e-09
38.880000000 1.000000000e-09
38.900000000 1.000000000e-09
38.920000000 1.000000000e-09
38.940000000 1.000000000e-09
38.960000000 1.000000000e-09
38.980000000 1.000000000e-09
39.000000000 1.000000000e-09
39.020000000 1.000000000e-09
39.040000000 1.000000000e-09
39.060000000 1.000000000e-09
39.080000000 1.000000000e-09
39.100000000 1.000000000e-09
39.120000000 1.000000000e-09
39.140000000 1.000000000e-09
39.160000000 1.000000000e-09
39.180000000 1.000000000e-09
39.200000000 1.000000000e-09
39.220000000 1.000000000e-09
39.240000000 1.000000000e-09
39.260000000 1.000000000e-09
39.280000000 1.000000000e-09
39.300000000 1.000000000e-09
39.320000000 1.000000000e-09
39.340000000 1.000000000e-09
39.360000000 1.000000000e-09
39.380000000 1.000000000e-09
39.400000000 1.000000000e-09
39.420000000 1.000000000e-09
39.440000000 1.000000000e-09
39.460000000 1.000000000e-09
39.480000000 1.000000000e-09
39.500000000 1.000000000e-09
39.520000000 1.000000000e-09
39.540000000 1.000000000e-09
39.560000000 1.000000000e-09
39.580000000 1.000000000e-09
39.600000000 1.000000000e-09
39.620000000 1.000000000e-09
39.640000000 1.000000000e-09
39.660000000 1.000000000e-09
39.680000000 1.000000000e-09
39.700000000 1.000000000e-09
39.720000000 1.000000000e-09
39.740000000 1.000000000e-09
39.760000000 1.000000000e-09
39.780000000 1.000000000e-09
39.800000000 1.000000000e-09
39.820000000 1.000000000e-09
39.840000000 1.000000000e-09
39.860000000 1.000000000e-09
39.880000000 1.000000000e-09
39.900000000 1.000000000e-09
39.920000000 1.000000000e-09
39.940000000 1.000000000e-09
39.960000000 1.000000000e-09
39.980000000 1.000000000e-09
40.000000000 1.000000000e-09
40.020000000 1.000000000e-09
40.040000000 1.000000000e-09
40.060000000 1.000000000e-09
40.080000000 1.000000000e-09
40.100000000 1.000000000e-09
40.120000000 1.000000000e-09
40.140000000 1.000000000e-09
40.160000000 0.000000000e+00
40.180000000 0.000000000e+00
40.200000000 0.000000000e+00
40.220000000 0.000000000e+00
40.240000000 0.000000000e+00
40.260000000 0.000000000e+00
40.280000000 0.000000000e+00
40.300000000 0.000000000e+00
40.320000000 0.000000000e+00
40.340000000 0.000000000e+00
40.360000000 0.000000000e+00
40.380000000 0.000000000e+00
40.400000000 0.000000000e+00
40.420000000 0.000000000e+00
40.440000000 0.000000000e+00
40.460000000 0.000000000e+00
40.480000000 0.000000000e+00
40.500000000 0.000000000e+00
40.520000000 0.000000000e+00
40.540000000 0.000000000e+00
40.560000000 0.000000000e+00
40.580000000 0.000000000e+00
40.600000000 0.000000000e+00
40.620000000 0.000000000e+00
40.640000000 0.000000000e+00
40.660000000 0.000000000e+00
40.680000000 0.000000000e+00
40.700000000 0.000000000e+00
40.720000000 0.000000000e+00
40.740000000 0.000000000e+00
40.760000000 0.000000000e+00
40.780000000 0.000000000e+00
40.800000000 0.000000000e+00
40.820000000 0.000000000e+00
40.840000000 0.000000000e+00
40.860000000 0.000000000e+00
40.880000000 0.000000000e+00
40.900000000 0.000000000e+00
40.920000000 0.000000000e+00
40.940000000 0.000000000e+00
40.960000000 0.000000000e+00
40.980000000 0.000000000e+00
41.000000000 0.000000000e+00
41.020000000 0.000000000e+00
41.040000000 0.000000000e+00
41.060000000 0.000000000e+00
41.080000000 0.000000000e+00
41.100000000 0.000000000e+00
41.120000000 0.000000000e+00
41.140000000 0.000000000e+00
41.160000000 0.000000000e+00
41.180000000 0.000000000e+00
41.200000000 0.000000000e+00
41.220000000 0.000000000e+00
41.240000000 0.000000000e+00
41.260000000 0.000000000e+00
41.280000000 0.000000000e+00
41.300000000 0.000000000e+00
41.320000000 0.000000000e+00
41.340000000 0.000000000e+00
41.360000000 0.000000000e+00
41.380000000 0.000000000e+00
41.400000000 0.000000000e+00
41.420000000 0.000000000e+00
41.440000000 0.000000000e+00
41.460000000 0.000000000e+00
41.480000000 0.000000000e+00
41.500000000 0.000000000e+00
41.520000000 0.000000000e+00
41.540000000 0.000000000e+00
41.560000000 0.000000000e+00
41.580000000 0.000000000e+00
41.600000000 0.000000000e+00
41.620000000 0.000000000e+00
41.640000000 0.000000000e+00
41.660000000 0.000000000e+00
41.680000000 0.000000000e+00
41.700000000 0.000000000e+00
41.720000000 0.000000000e+00
41.740000000 0.000000000e+00
41.760000000 0.000000000e+00
41.780000000 0.000000000e+00
41.800000000 0.000000000e+00
41.820000000 0.000000000e+00
41.840000000 0.000000000e+00
41.860000000 0.000000000e+00
41.880000000 0.000000000e+00
41.900000000 0.000000000e+00
41.920000000 0.000000000e+00
41.940000000 0.000000000e+00
41.960000000 0.000000000e+00
41.980000000 0.000000000e+00
42.000000000 0.000000000e+00
42.020000000 0.000000000e+00
42.040000000 0.000000000e+00
42.060000000 0.000000000e+00
42.080000000 0.000000000e+00
42.100000000 0.000000000e+00
42.120000000 0.000000000e+00
42.140000000 0.000000000e+00
42.160000000 0.000000000e+00
42.180000000 0.000000000e+00
42.200000000 0.000000000e+00
42.220000000 0.000000000e+00
42.240000000 0.000000000e+00
42.260000000 0.000000000e+00
42.280000000 0.000000000e+00
42.300000000 0.000000000e+00
42.320000000 0.000000000e+00
42.340000000 0.000000000e+00
42.360000000 0.000000000e+00
42.380000000 0.000000000e+00
42.400000000 0.000000000e+00
42.420000000 0.000000000e+00
42.440000000 0.000000000e+00
42.460000000 0.000000000e+00
42.480000000 0.000000000e+00
42.500000000 0.000000000e+00
42.520000000 0.000000000e+00
42.540000000 0.000000000e+00
42.560000000 0.000000000e+00
42.580000000 0.000000000e+00
42.600000000 0.000000000e+00
42.620000000 0.000000000e+00
42.640000000 0.000000000e+00
42.660000000 0.000000000e+00
42.680000000 0.000000000e+00
42.700000000 0.000000000e+00
42.720000000 0.000000000e+00
42.740000000 0.000000000e+00
42.760000000 0.000000000e+00
42.780000000 0.000000000e+00
42.800000000 0.000000000e+00
42.820000000 0.000000000e+00
42.840000000 0.000000000e+00
42.860000000 0.000000000e+00
42.880000000 0.000000000e+00
42.900000000 0.000000000e+00
42.920000000 0.000000000e+00
42.940000000 0.000000000e+00
42.960000000 0.000000000e+00
42.980000000 0.000000000e+00
43.000000000 0.000000000e+00
43.020000000 0.000000000e+00
43.040000000 0.000000000e+00
43.060000000 0.000000000e+00
43.080000000 0.000000000e+00
43.100000000 0.000000000e+00
43.120000000 0.000000000e+00
43.140000000 0.000000000e+00
43.160000000 0.000000000e+00
43.180000000 0.000000000e+00
43.200000000 0.000000000e+00
43.220000000 0.000000000e+00
43.240000000 0.000000000e+00
43.260000000 0.000000000e+00
43.280000000 0.000000000e+00
43.300000000 0.000000000e+00
43.320000000 0.000000000e+00
43.340000000 0.000000000e+00
43.360000000 0.000000000e+00
43.380000000 0.000000000e+00
43.400000000 0.000000000e+00
43.420000000 0.000000000e+00
43.440000000 0.000000000e+00
43.460000000 0.000000000e+00
43.480000000 0.000000000e+00
43.500000000 0.000000000e+00
43.520000000 0.000000000e+00
43.540000000 0.000000000e+00
43.560000000 0.000000000e+00
43.580000000 0.000000000e+00
43.600000000 0.000000000e+00
43.620000000 0.000000000e+00
43.640000000 0.000000000e+00
43.660000000 0.000000000e+00
43.680000000 0.000000000e+00
43.700000000 0.000000000e+00
43.720000000 0.000000000e+00
43.740000000 0.000000000e+00
43.760000000 0.000000000e+00
43.780000000 0.000000000e+00
43.800000000 0.000000000e+00
43.820000000 0.000000000e+00
43.840000000 0.000000000e+00
43.860000000 0.000000000e+00
43.880000000 0.000000000e+00
43.900000000 0.000000000e+00
43.920000000 0.000000000e+00
43.940000000 0.000000000e+00
43.960000000 0.000000000e+00
43.980000000 0.000000000e+00
44.000000000 0.000000000e+00
44.020000000 0.000000000e+00
44.040000000 0.000000000e+00
44.060000000 0.000000000e+00
44.080000000 0.000000000e+00
44.100000000 0.000000000e+00
44.120000000 0.000000000e+00
44.140000000 0.000000000e+00
44.160000000 0.000000000e+00
44.180000000 0.000000000e+00
44.200000000 0.000000000e+00
44.220000000 0.000000000e+00
44.240000000 0.000000000e+00
44.260000000 0.000000000e+00
44.280000000 0.000000000e+00
44.300000000 0.000000000e+00
44.320000000 0.000000000e+00
44.340000000 0.000000000e+00
44.360000000 0.000000000e+00
44.380000000 0.000000000e+00
44.400000000 0.000000000e+00
44.420000000 0.000000000e+00
44.440000000 0.000000000e+00
44.460000000 0.000000000e+00
44.480000000 0.000000000e+00
44.500000000 0.000000000e+00
44.520000000 0.000000000e+00
44.540000000 0.000000000e+00
44.560000000 0.000000000e+00
44.580000000 0.000000000e+00
44.600000000 0.000000000e+00
44.620000000 0.000000000e+00
44.640000000 0.000000000e+00
44.660000000 0.000000000e+00
44.680000000 0.000000000e+00
44.700000000 0.000000000e+00
44.720000000 0.000000000e+00
44.740000000 0.000000000e+00
44.760000000 0.000000000e+00
44.780000000 0.000000000e+00
44.800000000 0.000000000e+00
44.820000000 0.000000000e+00
44.840000000 0.000000000e+00
44.860000000 0.000000000e+00
44.880000000 0.000000000e+00
44.900000000 0.000000000e+00
44.920000000 0.000000000e+00
44.940000000 0.000000000e+00
44.960000000 0.000000000e+00
44.980000000 0.000000000e+00
45.000000000 0.000000000e+00
45.020000000 0.000000000e+00
45.040000000 0.000000000e+00
45.060000000 0.000000000e+00
45.080000000 0.000000000e+00
45.100000000 0.000000000e+00
45.120000000 0.000000000e+00
45.140000000 0.000000000e+00
45.160000000 0.000000000e+00
45.180000000 0.000000000e+00
45.200000000 0.000000000e+00
45.220000000 0.000000000e+00
45.240000000 0.000000000e+00
45.260000000 0.000000000e+00
45.280000000 0.000000000e+00
45.300000000 0.000000000e+00
45.320000000 0.000000000e+00
45.340000000 0.000000000e+00
45.360000000 0.000000000e+00
45.380000000 0.000000000e+00
45.400000000 0.000000000e+00
45.420000000 0.000000000e+00
45.440000000 0.000000000e+00
45.460000000 0.000000000e+00
45.480000000 0.000000000e+00
45.500000000 0.000000000e+00
45.520000000 0.000000000e+00
45.540000000 0.000000000e+00
45.560000000 0.000000000e+00
45.580000000 0.000000000e+00
45.600000000 0.000000000e+00
45.620000000 0.000000000e+00
45.640000000 0.000000000e+00
45.660000000 0.000000000e+00
45.680000000 0.000000000e+00
45.700000000 0.000000000e+00
45.720000000 0.000000000e+00
45.740000000 0.000000000e+00
45.760000000 0.000000000e+00
45.780000000 0.000000000e+00
45.800000000 0.000000000e+00
45.820000000 0.000000000e+00
45.840000000 0.000000000e+00
45.860000000 0.000000000e+00
45.880000000 0.000000000e+00
45.900000000 0.000000000e+00
45.920000000 0.000000000e+00
45.940000000 0.000000000e+00
45.960000000 0.000000000e+00
45.980000000 0.000000000e+00
46.000000000 0.000000000e+00
46.020000000 0.000000000e+00
46.040000000 0.000000000e+00
46.060000000 0.000000000e+00
46.080000000 0.000000000e+00
46.100000000 0.000000000e+00
46.120000000 0.000000000e+00
46.140000000 0.000000000e+00
46.160000000 0.000000000e+00
46.180000000 0.000000000e+00
46.200000000 0.000000000e+00
46.220000000 0.000000000e+00
46.240000000 0.000000000e+00
46.260000000 0.000000000e+00
46.280000000 0.000000000e+00
46.300000000 0.000000000e+00
46.320000000 0.000000000e+00
46.340000000 0.000000000e+00
46.360000000 0.000000000e+00
46.380000000 0.000000000e+00
46.400000000 0.000000000e+00
46.420000000 0.000000000e+00
46.440000000 0.000000000e+00
46.460000000 0.000000000e+00
46.480000000 0.000000000e+00
46.500000000 0.000000000e+00
46.520000000 0.000000000e+00
46.540000000 0.000000000e+00
46.560000000 0.000000000e+00
46.580000000 0.000000000e+00
46.600000000 0.000000000e+00
46.620000000 0.000000000e+00
46.640000000 0.000000000e+00
46.660000000 0.000000000e+00
46.680000000 0.000000000e+00
46.700000000 0.000000000e+00
46.720000000 0.000000000e+00
46.740000000 0.000000000e+00
46.760000000 0.000000000e+00
46.780000000 0.000000000e+00
46.800000000 0.000000000e+00
46.820000000 0.000000000e+00
46.840000000 0.000000000e+00
46.860000000 0.000000000e+00
46.880000000 0.000000000e+00
46.900000000 0.000000000e+00
46.920000000 0.000000000e+00
46.940000000 0.000000000e+00
46.960000000 0.000000000e+00
46.980000000 0.000000000e+00
47.000000000 0.000000000e+00
47.020000000 0.000000000e+00
47.040000000 0.000000000e+00
47.060000000 0.000000000e+00
47.080000000 0.000000000e+00
47.100000000 0.000000000e+00
47.120000000 0.000000000e+00
47.140000000 0.000000000e+00
47.160000000 0.000000000e+00
47.180000000 0.000000000e+00
47.200000000 0.000000000e+00
47.220000000 0.000000000e+00
47.240000000 0.000000000e+00
47.260000000 0.000000000e+00
47.280000000 0.000000000e+00
47.300000000 0.000000000e+00
47.320000000 0.000000000e+00
47.340000000 0.000000000e+00
47.360000000 0.000000000e+00
47.380000000 0.000000000e+00
47.400000000 0.000000000e+00
47.420000000 0.000000000e+00
47.440000000 0.000000000e+00
47.460000000 0.000000000e+00
47.480000000 0.000000000e+00
47.500000000 0.000000000e+00
47.520000000 0.000000000e+00
47.540000000 0.000000000e+00
47.560000000 0.000000000e+00
47.580000000 0.000000000e+00
47.600000000 0.000000000e+00
47.620000000 0.000000000e+00
47.640000000 0.000000000e+00
47.660000000 0.000000000e+00
47.680000000 0.000000000e+00
47.700000000 0.000000000e+00
47.720000000 0.000000000e+00
47.740000000 0.000000000e+00
47.760000000 0.000000000e+00
47.780000000 0.000000000e+00
47.800000000 0.000000000e+00
47.820000000 0.000000000e+00
47.840000000 0.000000000e+00
47.860000000 0.000000000e+00
47.880000000 0.000000000e+00
47.900000000 0.000000000e+00
47.920000000 0.000000000e+00
47.940000000 0.000000000e+00
47.960000000 0.000000000e+00
47.980000000 0.000000000e+00
48.000000000 0.000000000e+00
48.020000000 0.000000000e+00
48.040000000 0.000000000e+00
48.060000000 0.000000000e+00
48.080000000 0.000000000e+00
48.100000000 0.000000000e+00
48.120000000 0.000000000e+00
48.140000000 0.000000000e+00
48.160000000 0.000000000e+00
48.180000000 0.000000000e+00
48.200000000 0.000000000e+00
48.220000000 0.000000000e+00
48.240000000 0.000000000e+00
48.260000000 0.000000000e+00
48.280000000 0.000000000e+00
48.300000000 0.000000000e+00
48.320000000 0.000000000e+00
48.340000000 0.000000000e+00
48.360000000 0.000000000e+00
48.380000000 0.000000000e+00
48.400000000 0.000000000e+00
48.420000000 0.000000000e+00
48.440000000 0.000000000e+00
48.460000000 0.000000000e+00
48.480000000 0.000000000e+00
48.500000000 0.000000000e+00
48.520000000 0.000000000e+00
48.540000000 0.000000000e+00
48.560000000 0.000000000e+00
48.580000000 0.000000000e+00
48.600000000 0.000000000e+00
48.620000000 0.000000000e+00
48.640000000 0.000000000e+00
48.660000000 0.000000000e+00
48.680000000 0.000000000e+00
48.700000000 0.000000000e+00
48.720000000 0.000000000e+00
48.740000000 0.000000000e+00
48.760000000 0.000000000e+00
48.780000000 0.000000000e+00
48.800000000 0.000000000e+00
48.820000000 0.000000000e+00
48.840000000 0.000000000e+00
48.860000000 0.000000000e+00
48.880000000 0.000000000e+00
48.900000000 0.000000000e+00
48.920000000 0.000000000e+00
48.940000000 0.000000000e+00
48.960000000 0.000000000e+00
48.980000000 0.000000000e+00
49.000000000 0.000000000e+00
49.020000000 0.000000000e+00
49.040000000 0.000000000e+00
49.060000000 0.000000000e+00
49.080000000 0.000000000e+00
49.100000000 0.000000000e+00
49.120000000 0.000000000e+00
49.140000000 0.000000000e+00
49.160000000 0.000000000e+00
49.180000000 0.000000000e+00
49.200000000 0.000000000e+00
49.220000000 0.000000000e+00
49.240000000 0.000000000e+00
49.260000000 0.000000000e+00
49.280000000 0.000000000e+00
49.300000000 0.000000000e+00
49.320000000 0.000000000e+00
49.340000000 0.000000000e+00
49.360000000 0.000000000e+00
49.380000000 0.000000000e+00
49.400000000 0.000000000e+00
49.420000000 0.000000000e+00
49.440000000 0.000000000e+00
49.460000000 0.000000000e+00
49.480000000 0.000000000e+00
49.500000000 0.000000000e+00
49.520000000 0.000000000e+00
49.540000000 0.000000000e+00
49.560000000 0.000000000e+00
49.580000000 0.000000000e+00
49.600000000 0.000000000e+00
49.620000000 0.000000000e+00
49.640000000 0.000000000e+00
49.660000000 0.000000000e+00
49.680000000 0.000000000e+00
49.700000000 0.000000000e+00
49.720000000 0.000000000e+00
49.740000000 0.000000000e+00
49.760000000 0.000000000e+00
49.780000000 0.000000000e+00
49.800000000 0.000000000e+00
49.820000000 0.000000000e+00
49.840000000 0.000000000e+00
49.860000000 0.000000000e+00
49.880000000 0.000000000e+00
49.900000000 0.000000000e+00
49.920000000 0.000000000e+00
49.940000000 0.000000000e+00
49.960000000 0.000000000e+00
49.980000000 0.000000000e+00
50.000000000 0.000000000e+00
50.020000000 0.000000000e+00
50.040000000 0.000000000e+00
50.060000000 0.000000000e+00
50.080000000 0.000000000e+00
50.100000000 0.000000000e+00
50.120000000 0.000000000e+00
50.140000000 0.000000000e+00
50.160000000 0.000000000e+00
50.180000000 0.000000000e+00
50.200000000 0.000000000e+00
50.220000000 0.000000000e+00
50.240000000 0.000000000e+00
50.260000000 0.000000000e+00
50.280000000 0.000000000e+00
50.300000000 0.000000000e+00
50.320000000 0.000000000e+00
50.340000000 0.000000000e+00
50.360000000 0.000000000e+00
50.380000000 0.000000000e+00
50.400000000 0.000000000e+00
50.420000000 0.000000000e+00
50.440000000 0.000000000e+00
50.460000000 0.000000000e+00
50.480000000 0.000000000e+00
50.500000000 0.000000000e+00
50.520000000 0.000000000e+00
50.540000000 0.000000000e+00
50.560000000 0.000000000e+00
50.580000000 0.000000000e+00
50.600000000 0.000000000e+00
50.620000000 0.000000000e+00
50.640000000 0.000000000e+00
50.660000000 0.000000000e+00
50.680000000 0.000000000e+00
50.700000000 0.000000000e+00
50.720000000 0.000000000e+00
50.740000000 0.000000000e+00
50.760000000 0.000000000e+00
50.780000000 0.000000000e+00
50.800000000 0.000000000e+00
50.820000000 0.000000000e+00
50.840000000 0.000000000e+00
50.860000000 0.000000000e+00
50.880000000 0.000000000e+00
50.900000000 0.000000000e+00
50.920000000 0.000000000e+00
50.940000000 0.000000000e+00
50.960000000 0.000000000e+00
50.980000000 0.000000000e+00
51.000000000 0.000000000e+00
51.020000000 0.000000000e+00
51.040000000 0.000000000e+00
51.060000000 0.000000000e+00
51.080000000 0.000000000e+00
51.100000000 0.000000000e+00
51.120000000 0.000000000e+00
51.140000000 0.000000000e+00
51.160000000 0.000000000e+00
51.180000000 0.000000000e+00
51.200000000 0.000000000e+00
51.220000000 0.000000000e+00
51.240000000 0.000000000e+00
51.260000000 0.000000000e+00
51.280000000 0.000000000e+00
51.300000000 0.000000000e+00
51.320000000 0.000000000e+00
51.340000000 0.000000000e+00
51.360000000 0.000000000e+00
51.380000000 0.000000000e+00
51.400000000 0.000000000e+00
51.420000000 0.000000000e+00
51.440000000 0.000000000e+00
51.460000000 0.000000000e+00
51.480000000 0.000000000e+00
51.500000000 0.000000000e+00
51.520000000 0.000000000e+00
51.540000000 0.000000000e+00
51.560000000 0.000000000e+00
51.580000000 0.000000000e+00
51.600000000 0.000000000e+00
51.620000000 0.000000000e+00
51.640000000 0.000000000e+00
51.660000000 0.000000000e+00
51.680000000 0.000000000e+00
51.700000000 0.000000000e+00
51.720000000 0.000000000e+00
51.740000000 0.000000000e+00
51.760000000 0.000000000e+00
51.780000000 0.000000000e+00
51.800000000 0.000000000e+00
51.820000000 0.000000000e+00
51.840000000 0.000000000e+00
51.860000000 0.000000000e+00
51.880000000 0.000000000e+00
51.900000000 0.000000000e+00
51.920000000 0.000000000e+00
51.940000000 0.000000000e+00
51.960000000 0.000000000e+00
51.980000000 0.000000000e+00
52.000000000 0.000000000e+00
52.020000000 0.000000000e+00
52.040000000 0.000000000e+00
52.060000000 0.000000000e+00
52.080000000 0.000000000e+00
52.100000000 0.000000000e+00
52.120000000 0.000000000e+00
52.140000000 0.000000000e+00
52.160000000 0.000000000e+00
52.180000000 0.000000000e+00
52.200000000 0.000000000e+00
52.220000000 0.000000000e+00
52.240000000 0.000000000e+00
52.260000000 0.000000000e+00
52.280000000 0.000000000e+00
52.300000000 0.000000000e+00
52.320000000 0.000000000e+00
52.340000000 0.000000000e+00
52.360000000 0.000000000e+00
52.380000000 0.000000000e+00
52.400000000 0.000000000e+00
52.420000000 0.000000000e+00
52.440000000 0.000000000e+00
52.460000000 0.000000000e+00
52.480000000 0.000000000e+00
52.500000000 0.000000000e+00
52.520000000 0.000000000e+00
52.540000000 0.000000000e+00
52.560000000 0.000000000e+00
52.580000000 0.000000000e+00
52.600000000 0.000000000e+00
52.620000000 0.000000000e+00
52.640000000 0.000000000e+00
52.660000000 0.000000000e+00
52.680000000 0.000000000e+00
52.700000000 0.000000000e+00
52.720000000 0.000000000e+00
52.740000000 0.000000000e+00
52.760000000 0.000000000e+00
52.780000000 0.000000000e+00
52.800000000 0.000000000e+00
52.820000000 0.000000000e+00
52.840000000 0.000000000e+00
52.860000000 0.000000000e+00
52.880000000 0.000000000e+00
52.900000000 0.000000000e+00
52.920000000 0.000000000e+00
52.940000000 0.000000000e+00
52.960000000 0.000000000e+00
52.980000000 0.000000000e+00
53.000000000 0.000000000e+00
53.020000000 0.000000000e+00
53.040000000 0.000000000e+00
53.060000000 0.000000000e+00
53.080000000 0.000000000e+00
53.100000000 0.000000000e+00
53.120000000 0.000000000e+00
53.140000000 0.000000000e+00
53.160000000 0.000000000e+00
53.180000000 0.000000000e+00
53.200000000 0.000000000e+00
53.220000000 0.000000000e+00
53.240000000 0.000000000e+00
53.260000000 0.000000000e+00
53.280000000 0.000000000e+00
53.300000000 0.000000000e+00
53.320000000 0.000000000e+00
53.340000000 0.000000000e+00
53.360000000 0.000000000e+00
53.380000000 0.000000000e+00
53.400000000 0.000000000e+00
53.420000000 0.000000000e+00
53.440000000 0.000000000e+00
53.460000000 0.000000000e+00
53.480000000 0.000000000e+00
53.500000000 0.000000000e+00
53.520000000 0.000000000e+00
53.540000000 0.000000000e+00
53.560000000 0.000000000e+00
53.580000000 0.000000000e+00
53.600000000 0.000000000e+00
53.620000000 0.000000000e+00
53.640000000 0.000000000e+00
53.660000000 0.000000000e+00
53.680000000 0.000000000e+00
53.700000000 0.000000000e+00
53.720000000 0.000000000e+00
53.740000000 0.000000000e+00
53.760000000 0.000000000e+00
53.780000000 0.000000000e+00
53.800000000 0.000000000e+00
53.820000000 0.000000000e+00
53.840000000 0.000000000e+00
53.860000000 0.000000000e+00
53.880000000 0.000000000e+00
53.900000000 0.000000000e+00
53.920000000 0.000000000e+00
53.940000000 0.000000000e+00
53.960000000 0.000000000e+00
53.980000000 0.000000000e+00
54.000000000 0.000000000e+00
54.020000000 0.000000000e+00
54.040000000 0.000000000e+00
54.060000000 0.000000000e+00
54.080000000 0.000000000e+00
54.100000000 0.000000000e+00
54.120000000 0.000000000e+00
54.140000000 0.000000000e+00
54.160000000 0.000000000e+00
54.180000000 0.000000000e+00
54.200000000 0.000000000e+00
54.220000000 0.000000000e+00
54.240000000 0.000000000e+00
54.260000000 0.000000000e+00
54.280000000 0.000000000e+00
54.300000000 0.000000000e+00
54.320000000 0.000000000e+00
54.340000000 0.000000000e+00
54.360000000 0.000000000e+00
54.380000000 0.000000000e+00
54.400000000 0.000000000e+00
54.420000000 0.000000000e+00
54.440000000 0.000000000e+00
54.460000000 0.000000000e+00
54.480000000 0.000000000e+00
54.500000000 0.000000000e+00
54.520000000 0.000000000e+00
54.540000000 0.000000000e+00
54.560000000 0.000000000e+00
54.580000000 0.000000000e+00
54.600000000 0.000000000e+00
54.620000000 0.000000000e+00
54.640000000 0.000000000e+00
54.660000000 0.000000000e+00
54.680000000 0.000000000e+00
54.700000000 0.000000000e+00
54.720000000 0.000000000e+00
54.740000000 0.000000000e+00
54.760000000 0.000000000e+00
54.780000000 0.000000000e+00
54.800000000 0.000000000e+00
54.820000000 0.000000000e+00
54.840000000 0.000000000e+00
54.860000000 0.000000000e+00
54.880000000 0.000000000e+00
54.900000000 0.000000000e+00
54.920000000 0.000000000e+00
54.940000000 0.000000000e+00
54.960000000 0.000000000e+00
54.980000000 0.000000000e+00
55.000000000 0.000000000e+00
55.020000000 0.000000000e+00
55.040000000 0.000000000e+00
55.060000000 0.000000000e+00
55.080000000 0.000000000e+00
55.100000000 0.000000000e+00
55.120000000 0.000000000e+00
55.140000000 0.000000000e+00
55.160000000 0.000000000e+00
55.180000000 0.000000000e+00
55.200000000 0.000000000e+00
55.220000000 0.000000000e+00
55.240000000 0.000000000e+00
55.260000000 0.000000000e+00
55.280000000 0.000000000e+00
55.300000000 0.000000000e+00
55.320000000 0.000000000e+00
55.340000000 0.000000000e+00
55.360000000 0.000000000e+00
55.380000000 0.000000000e+00
55.400000000 0.000000000e+00
55.420000000 0.000000000e+00
55.440000000 0.000000000e+00
55.460000000 0.000000000e+00
55.480000000 0.000000000e+00
55.500000000 0.000000000e+00
55.520000000 0.000000000e+00
55.540000000 0.000000000e+00
55.560000000 0.000000000e+00
55.580000000 0.000000000e+00
55.600000000 0.000000000e+00
55.620000000 0.000000000e+00
55.640000000 0.000000000e+00
55.660000000 0.000000000e+00
55.680000000 0.000000000e+00
55.700000000 0.000000000e+00
55.720000000 0.000000000e+00
55.740000000 0.000000000e+00
55.760000000 0.000000000e+00
55.780000000 0.000000000e+00
55.800000000 0.000000000e+00
55.820000000 0.000000000e+00
55.840000000 0.000000000e+00
55.860000000 0.000000000e+00
55.880000000 0.000000000e+00
55.900000000 0.000000000e+00
55.920000000 0.000000000e+00
55.940000000 0.000000000e+00
55.960000000 0.000000000e+00
55.980000000 0.000000000e+00
56.000000000 0.000000000e+00
56.020000000 0.000000000e+00
56.040000000 0.000000000e+00
56.060000000 0.000000000e+00
56.080000000 0.000000000e+00
56.100000000 0.000000000e+00
56.120000000 0.000000000e+00
56.140000000 0.000000000e+00
56.160000000 0.000000000e+00
56.180000000 0.000000000e+00
56.200000000 0.000000000e+00
56.220000000 0.000000000e+00
56.240000000 0.000000000e+00
56.260000000 0.000000000e+00
56.280000000 0.000000000e+00
56.300000000 0.000000000e+00
56.320000000 0.000000000e+00
56.340000000 0.000000000e+00
56.360000000 0.000000000e+00
56.380000000 0.000000000e+00
56.400000000 0.000000000e+00
56.420000000 0.000000000e+00
56.440000000 0.000000000e+00
56.460000000 0.000000000e+00
56.480000000 0.000000000e+00
56.500000000 0.000000000e+00
56.520000000 0.000000000e+00
56.540000000 0.000000000e+00
56.560000000 0.000000000e+00
56.580000000 0.000000000e+00
56.600000000 0.000000000e+00
56.620000000 0.000000000e+00
56.640000000 0.000000000e+00
56.660000000 0.000000000e+00
56.680000000 0.000000000e+00
56.700000000 0.000000000e+00
56.720000000 0.000000000e+00
56.740000000 0.000000000e+00
56.760000000 0.000000000e+00
56.780000000 0.000000000e+00
56.800000000 0.000000000e+00
56.820000000 0.000000000e+00
56.840000000 0.000000000e+00
56.860000000 0.000000000e+00
56.880000000 0.000000000e+00
56.900000000 0.000000000e+00
56.920000000 0.000000000e+00
56.940000000 0.000000000e+00
56.960000000 0.000000000e+00
56.980000000 0.000000000e+00
57.000000000 0.000000000e+00
57.020000000 0.000000000e+00
57.040000000 0.000000000e+00
57.060000000 0.000000000e+00
57.080000000 0.000000000e+00
57.100000000 0.000000000e+00
57.120000000 0.000000000e+00
57.140000000 0.000000000e+00
57.160000000 0.000000000e+00
57.180000000 0.000000000e+00
57.200000000 0.000000000e+00
57.220000000 0.000000000e+00
57.240000000 0.000000000e+00
57.260000000 0.000000000e+00
57.280000000 0.000000000e+00
57.300000000 0.000000000e+00
57.320000000 0.000000000e+00
57.340000000 0.000000000e+00
57.360000000 0.000000000e+00
57.380000000 0.000000000e+00
57.400000000 0.000000000e+00
57.420000000 0.000000000e+00
57.440000000 0.000000000e+00
57.460000000 0.000000000e+00
57.480000000 0.000000000e+00
57.500000000 0.000000000e+00
57.520000000 0.000000000e+00
57.540000000 0.000000000e+00
57.560000000 0.000000000e+00
57.580000000 0.000000000e+00
57.600000000 0.000000000e+00
57.620000000 0.000000000e+00
57.640000000 0.000000000e+00
57.660000000 0.000000000e+00
57.680000000 0.000000000e+00
57.700000000 0.000000000e+00
57.720000000 0.000000000e+00
57.740000000 0.000000000e+00
57.760000000 0.000000000e+00
57.780000000 0.000000000e+00
57.800000000 0.000000000e+00
57.820000000 0.000000000e+00
57.840000000 0.000000000e+00
57.860000000 0.000000000e+00
57.880000000 0.000000000e+00
57.900000000 0.000000000e+00
57.920000000 0.000000000e+00
57.940000000 0.000000000e+00
57.960000000 0.000000000e+00
57.980000000 0.000000000e+00
58.000000000 0.000000000e+00
58.020000000 0.000000000e+00
58.040000000 0.000000000e+00
58.060000000 0.000000000e+00
58.080000000 0.000000000e+00
58.100000000 0.000000000e+00
58.120000000 0.000000000e+00
58.140000000 0.000000000e+00
58.160000000 0.000000000e+00
58.180000000 0.000000000e+00
58.200000000 0.000000000e+00
58.220000000 0.000000000e+00
58.240000000 0.000000000e+00
58.260000000 0.000000000e+00
58.280000000 0.000000000e+00
58.300000000 0.000000000e+00
58.320000000 0.000000000e+00
58.340000000 0.000000000e+00
58.360000000 0.000000000e+00
58.380000000 0.000000000e+00
58.400000000 0.000000000e+00
58.420000000 0.000000000e+00
58.440000000 0.000000000e+00
58.460000000 0.000000000e+00
58.480000000 0.000000000e+00
58.500000000 0.000000000e+00
58.520000000 0.000000000e+00
58.540000000 0.000000000e+00
58.560000000 0.000000000e+00
58.580000000 0.000000000e+00
58.600000000 0.000000000e+00
58.620000000 0.000000000e+00
58.640000000 0.000000000e+00
58.660000000 0.000000000e+00
58.680000000 0.000000000e+00
58.700000000 0.000000000e+00
58.720000000 0.000000000e+00
58.740000000 0.000000000e+00
58.760000000 0.000000000e+00
58.780000000 0.000000000e+00
58.800000000 0.000000000e+00
58.820000000 0.000000000e+00
58.840000000 0.000000000e+00
58.860000000 0.000000000e+00
58.880000000 0.000000000e+00
58.900000000 0.000000000e+00
58.920000000 0.000000000e+00
58.940000000 0.000000000e+00
58.960000000 0.000000000e+00
58.980000000 0.000000000e+00
59.000000000 0.000000000e+00
59.020000000 0.000000000e+00
59.040000000 0.000000000e+00
59.060000000 0.000000000e+00
59.080000000 0.000000000e+00
59.100000000 0.000000000e+00
59.120000000 0.000000000e+00
59.140000000 0.000000000e+00
59.160000000 0.000000000e+00
59.180000000 0.000000000e+00
59.200000000 0.000000000e+00
59.220000000 0.000000000e+00
59.240000000 0.000000000e+00
59.260000000 0.000000000e+00
59.280000000 0.000000000e+00
59.300000000 0.000000000e+00
59.320000000 0.000000000e+00
59.340000000 0.000000000e+00
59.360000000 0.000000000e+00
59.380000000 0.000000000e+00
59.400000000 0.000000000e+00
59.420000000 0.000000000e+00
59.440000000 0.000000000e+00
59.460000000 0.000000000e+00
59.480000000 0.000000000e+00
59.500000000 0.000000000e+00
59.520000000 0.000000000e+00
59.540000000 0.000000000e+00
59.560000000 0.000000000e+00
59.580000000 0.000000000e+00
59.600000000 0.000000000e+00
59.620000000 0.000000000e+00
59.640000000 0.000000000e+00
59.660000000 0.000000000e+00
59.680000000 0.000000000e+00
59.700000000 0.000000000e+00
59.720000000 0.000000000e+00
59.740000000 0.000000000e+00
59.760000000 0.000000000e+00
59.780000000 0.000000000e+00
59.800000000 0.000000000e+00
59.820000000 0.000000000e+00
59.840000000 0.000000000e+00
59.860000000 0.000000000e+00
59.880000000 0.000000000e+00
59.900000000 0.000000000e+00
59.920000000 0.000000000e+00
59.940000000 0.000000000e+00
59.960000000 0.000000000e+00
59.980000000 0.000000000e+00
60.000000000 0.000000000e+00
