EV 1021.12 0 2691 FD 0.986437 0.987551 -0.001114
EV 1046.58 0 2691 DF 1.727461 1.727013 +0.000449
EV 1056.58 1 2692 FD 1.638871 1.638205 +0.000666
EV 1105.56 1 2694 DF 1.725648 1.728248 -0.002599
EV 1112.06 0 2691 FD 0.987485 0.987551 -0.000066
EV 1123.74 1 2693 FD 1.649849 1.650000 -0.000151
EV 1124.86 1 2692 FD 1.619202 1.640159 -0.020957
EV 1126.48 0 2690 FD 1.601955 1.605683 -0.003729
EV 1152.28 1 2692 FD 1.547305 1.540904 +0.006401
EV 1155.46 0 2691 DF 1.696191 1.689583 +0.006608
EV 1199.60 1 2694 DF 1.621568 1.630313 -0.008745
EV 1216.80 1 2694 FD 0.956681 0.957299 -0.000617
EV 1234.74 1 2694 FD 0.932368 0.934527 -0.002159
EV 1252.98 1 2694 DF 1.618608 1.619388 -0.000780
EV 1288.60 0 2691 DF 1.731001 1.731964 -0.000963
EV 1340.02 1 2694 DF 1.686168 1.686047 +0.000122
EV 1347.54 1 2693 FD 1.529859 1.517102 +0.012757
EV 1387.58 0 2691 FD 0.981025 0.981208 -0.000184
EV 1402.52 0 2690 FD 1.548328 1.535741 +0.012587
EV 1405.02 0 2691 FD 0.947488 0.949367 -0.001879
EV 1405.02 0 2691 DF 1.665282 1.668585 -0.003302
EV 1435.06 1 2694 DF 1.677593 1.677852 -0.000259
EV 1457.24 0 2690 FD 1.557767 1.546102 +0.011665
EV 1466.62 1 2693 FD 1.580587 1.569038 +0.011549
EV 1483.68 0 2691 DF 1.671708 1.661701 +0.010008
EV 1491.92 0 2691 FD 0.991282 1.002674 -0.011391
EV 1509.20 0 2691 FD 0.967613 0.966721 +0.000892
EV 1521.44 1 2694 DF 1.668284 1.672048 -0.003764
EV 1527.44 1 2693 FD 1.604922 1.581672 +0.023250
EV 1529.72 1 2694 FD 0.980168 0.988971 -0.008804
EV 1538.48 0 2690 FD 1.563084 1.554844 +0.008240
EV 1539.44 1 2692 FD 1.406926 1.437783 -0.030857
EV 1539.44 1 2692 DF 2.472779 2.527013 -0.054234
EV 1562.06 0 2691 DF 1.635452 1.633619 +0.001834
EV 1596.40 0 2691 FD 0.963911 0.964010 -0.000099
EV 1623.98 1 2694 FD 0.980892 0.981208 -0.000316
EV 1623.98 1 2694 DF 1.723992 1.724548 -0.000556
EV 1640.30 0 2691 DF 1.671845 1.673206 -0.001361
EV 1733.36 1 2694 DF 1.724004 1.723318 +0.000686
EV 1742.56 0 2691 DF 1.695749 1.700281 -0.004533
EV 1764.78 0 2689 FD 1.639424 1.642118 -0.002693
EV 1767.46 0 2691 FD 0.979057 0.989683 -0.010626
EV 1790.66 1 2693 FD 1.636340 1.640159 -0.003819
EV 1820.60 0 2691 FD 0.939505 0.939636 -0.000131
EV 1820.60 0 2691 DF 1.651251 1.651481 -0.000230
EV 1825.00 0 2689 FD 1.474865 1.470064 +0.004800
EV 1842.42 1 2694 DF 1.669984 1.672048 -0.002064
EV 1850.70 1 2694 FD 0.984375 0.993976 -0.009601
EV 1859.96 1 2693 FD 1.576347 1.581672 -0.005325
EV 1877.12 1 2694 FD 0.925826 0.926342 -0.000516
EV 1883.50 0 2691 DF 1.597458 1.597972 -0.000514
EV 1904.50 1 2694 DF 1.594054 1.594809 -0.000754
EV 1906.92 1 2693 FD 1.347421 1.344963 +0.002458
EV 1906.92 1 2693 DF 2.368194 2.363873 +0.004321
EV 1940.30 1 2693 FD 1.500155 1.500546 -0.000391
EV 1940.30 1 2693 DF 2.636636 2.637323 -0.000687
EV 1945.64 0 2691 DF 1.625888 1.630313 -0.004424
EV 1954.16 0 2691 FD 0.961494 0.964010 -0.002516
EV 1975.60 1 2694 DF 1.626824 1.627020 -0.000196
EV 2008.20 0 2691 DF 1.613851 1.613980 -0.000129
EV 2008.94 0 2689 FD 1.405221 1.451443 -0.046222
EV 2008.94 0 2689 DF 2.469782 2.551020 -0.081238
EV 2016.74 0 2691 FD 0.964648 0.965364 -0.000716
EV 2035.28 0 2690 FD 1.546620 1.517102 +0.029518
EV 2046.72 0 2690 FD 1.474250 1.470064 +0.004186
EV 2062.34 1 2694 DF 1.701484 1.702677 -0.001193
EV 2078.74 0 2691 DF 1.634627 1.639159 -0.004531
EV 2103.86 1 2694 FD 0.987939 0.987551 +0.000388
EV 2121.20 1 2694 FD 0.961812 0.961987 -0.000175
EV 2147.46 1 2694 DF 1.666500 1.674365 -0.007865
EV 2148.98 0 2691 DF 1.646643 1.650353 -0.003709
EV 2166.14 0 2691 FD 0.953412 0.953316 +0.000095
EV 2189.88 1 2694 FD 0.965949 0.963335 +0.002615
EV 2226.12 0 2689 FD 1.529912 1.530612 -0.000701
EV 2227.84 0 2691 DF 1.655517 1.657143 -0.001626
EV 2233.62 1 2694 DF 1.673454 1.667433 +0.006021
EV 2253.60 0 2691 FD 0.952873 0.953978 -0.001105
EV 2262.98 1 2693 FD 1.611950 1.618917 -0.006967
EV 2262.98 1 2693 DF 2.833124 2.845369 -0.012245
EV 2264.46 0 2689 FD 1.530797 1.537458 -0.006661
EV 2265.48 0 2690 DF 2.384621 2.427997 -0.043377
EV 2277.04 1 2692 FD 1.528747 1.520457 +0.008289
EV 2306.22 0 2691 DF 1.683899 1.684871 -0.000972
EV 2328.34 1 2694 DF 1.661665 1.662844 -0.001179
EV 2345.20 1 2694 FD 0.970763 0.972189 -0.001427
EV 2360.16 0 2690 FD 1.597931 1.598218 -0.000287
EV 2380.04 0 2689 FD 1.580550 1.579854 +0.000695
EV 2395.94 1 2693 FD 1.465966 1.468494 -0.002528
EV 2395.94 1 2693 DF 2.576547 2.580990 -0.004443
EV 2406.54 1 2694 DF 1.670655 1.672048 -0.001393
EV 2408.10 0 2691 DF 1.678306 1.679018 -0.000712
EV 2432.52 0 2689 FD 1.631354 1.632370 -0.001016
EV 2444.44 1 2693 FD 1.604253 1.603810 +0.000443
EV 2468.80 0 2690 FD 1.553590 1.567249 -0.013659
EV 2485.14 0 2691 FD 0.958721 0.956633 +0.002089
EV 2494.00 0 2691 DF 1.675371 1.666284 +0.009087
EV 2499.18 1 2693 FD 1.490694 1.500546 -0.009851
EV 2502.20 0 2691 FD 1.008404 1.006343 +0.002061
EV 2509.14 1 2694 DF 1.649846 1.650353 -0.000507
EV 2552.74 0 2691 FD 0.984972 0.984017 +0.000954
EV 2557.88 0 2690 FD 1.625276 1.622738 +0.002538
EV 2587.48 1 2694 DF 1.662878 1.670892 -0.008014
EV 2595.78 1 2694 FD 0.978046 0.995415 -0.017369
EV 2595.94 0 2691 DF 1.683454 1.689583 -0.006129
EV 2623.28 0 2690 FD 1.535906 1.515430 +0.020477
EV 2640.90 0 2690 FD 1.452026 1.430305 +0.021721
EV 2656.26 1 2694 FD 0.953623 0.954640 -0.001017
EV 2659.28 0 2689 FD 1.421793 1.452976 -0.031184
EV 2659.28 0 2689 DF 2.498909 2.553716 -0.054808
EV 2665.32 0 2690 FD 1.353991 1.334520 +0.019471
EV 2665.32 0 2690 DF 2.379742 2.345519 +0.034222
EV 2665.42 1 2694 DF 1.644748 1.629213 +0.015535
EV 2674.22 0 2691 DF 1.657210 1.662844 -0.005634
EV 2704.06 0 2690 FD 1.602644 1.603810 -0.001167
EV 2706.70 1 2692 FD 1.406196 1.381447 +0.024749
EV 2708.06 0 2691 FD 0.964232 0.964010 +0.000222
EV 2708.12 1 2693 DF 2.382365 2.384868 -0.002504
EV 2735.52 1 2694 DF 1.641581 1.650353 -0.008771
EV 2742.22 1 2692 FD 1.395490 1.396885 -0.001394
EV 2742.22 1 2692 DF 2.452680 2.455130 -0.002451
EV 2751.66 0 2691 DF 1.661762 1.666284 -0.004522
EV 2765.24 1 2692 FD 1.450154 1.448385 +0.001769
EV 2790.04 0 2690 FD 1.577480 1.605683 -0.028203
EV 2796.16 0 2689 FD 1.538093 1.539179 -0.001087
EV 2805.44 1 2694 FD 0.944902 0.940922 +0.003980
EV 2805.44 1 2694 DF 1.660737 1.653741 +0.006996
EV 2818.64 1 2692 FD 1.391466 1.415580 -0.024114
EV 2829.84 0 2691 DF 1.600630 1.599030 +0.001600
EV 2837.44 1 2693 DF 2.324459 2.340975 -0.016516
EV 2867.36 1 2694 FD 0.928516 0.933258 -0.004742
EV 2867.36 1 2694 DF 1.631937 1.640271 -0.008335
EV 2908.48 0 2691 DF 1.684437 1.684871 -0.000434
EV 2916.68 0 2691 FD 0.994451 0.995415 -0.000964
EV 2933.86 0 2691 FD 0.973124 0.972189 +0.000934
EV 2937.90 1 2694 DF 1.658816 1.656007 +0.002809
EV 2943.32 1 2693 FD 1.474509 1.425856 +0.048653
EV 2943.32 1 2693 DF 2.591561 2.506049 +0.085512
EV 2993.52 0 2691 FD 0.982557 0.981909 +0.000648
EV 3001.36 0 2690 FD 1.604201 1.600078 +0.004123
EV 3002.26 0 2691 DF 1.673104 1.686047 -0.012943
EV 3006.52 1 2694 FD 0.970609 0.969448 +0.001161
EV 3024.10 1 2694 DF 1.670749 1.672048 -0.001299
EV 3040.96 1 2694 FD 0.968194 0.968765 -0.000570
EV 3064.38 1 2692 FD 1.468424 1.468494 -0.000070
EV 3076.90 1 2693 DF 2.331728 2.331940 -0.000212
EV 3092.18 0 2689 FD 1.638420 1.638205 +0.000215
EV 3094.66 0 2691 FD 0.984286 0.988971 -0.004686
EV 3102.64 1 2694 DF 1.662616 1.661701 +0.000915
EV 3103.40 0 2691 DF 1.688942 1.672048 +0.016894
EV 3121.68 1 2692 FD 1.538774 1.527212 +0.011562
EV 3129.18 0 2690 FD 1.635953 1.632370 +0.003583
EV 3129.18 0 2690 DF 2.875311 2.869015 +0.006297
EV 3165.04 0 2689 FD 1.625862 1.622738 +0.003124
EV 3197.82 1 2694 DF 1.670468 1.668585 +0.001884
EV 3212.72 0 2691 DF 1.733790 1.734450 -0.000660
EV 3232.66 0 2689 FD 1.625480 1.609442 +0.016038
EV 3284.08 1 2694 DF 1.682580 1.682525 +0.000055
EV 3329.26 0 2691 DF 1.722051 1.719639 +0.002411
EV 3329.82 0 2690 FD 1.645200 1.617013 +0.028187
EV 3350.98 0 2689 FD 1.639123 1.617013 +0.022110
EV 3379.18 1 2694 DF 1.687566 1.684871 +0.002695
EV 3430.92 1 2694 FD 0.955193 0.952656 +0.002538
EV 3438.82 0 2691 DF 1.725205 1.728248 -0.003043
EV 3446.50 1 2692 FD 1.399236 1.401155 -0.001919
EV 3446.50 1 2692 DF 2.459263 2.462636 -0.003373
EV 3457.42 1 2694 DF 1.681100 1.679018 +0.002082
EV 3474.28 1 2694 FD 0.963884 0.964687 -0.000803
EV 3509.74 1 2694 FD 0.942960 0.941566 +0.001394
EV 3516.46 1 2693 FD 1.471995 1.473214 -0.001219
EV 3516.46 1 2693 DF 2.587144 2.589286 -0.002142
EV 3527.68 1 2694 DF 1.651463 1.653741 -0.002277
EV 3562.70 0 2691 DF 1.734352 1.736943 -0.002591
EV 3606.44 1 2694 DF 1.640830 1.636938 +0.003891
EV 3619.30 0 2691 FD 0.989795 0.991110 -0.001315
EV 3622.12 1 2692 FD 1.512963 1.495649 +0.017314
EV 3623.62 1 2694 FD 0.940477 0.955303 -0.014826
EV 3659.46 1 2694 FD 0.951935 0.948712 +0.003223
EV 3668.30 1 2694 FD 0.958363 0.957966 +0.000397
EV 3668.30 1 2694 DF 1.684396 1.683697 +0.000699
EV 3672.32 1 2692 FD 1.564948 1.567249 -0.002302
EV 3678.92 0 2691 DF 1.719971 1.724548 -0.004577
EV 3687.20 0 2690 FD 1.649203 1.648022 +0.001181
EV 3703.34 0 2690 FD 1.573762 1.565465 +0.008297
EV 3712.34 0 2691 FD 0.960592 0.961314 -0.000723
EV 3754.68 1 2694 DF 1.689933 1.687224 +0.002709
EV 3764.88 0 2691 DF 1.670283 1.673206 -0.002923
EV 3773.18 0 2691 FD 0.975636 0.982611 -0.006975
EV 3779.68 1 2694 FD 0.977450 0.980509 -0.003059
EV 3801.60 1 2693 FD 1.479945 1.460694 +0.019251
EV 3834.84 0 2691 DF 1.660662 1.659419 +0.001243
EV 3849.14 1 2694 DF 1.706892 1.706284 +0.000608
EV 3864.92 0 2690 FD 1.581527 1.579854 +0.001673
EV 3921.08 0 2691 DF 1.673539 1.674365 -0.000825
EV 3959.02 1 2694 DF 1.724696 1.725780 -0.001083
EV 3979.82 1 2692 FD 1.630171 1.636255 -0.006084
EV 3986.94 0 2691 FD 1.040277 1.045362 -0.005086
EV 4003.84 0 2691 DF 1.730511 1.729485 +0.001027
EV 4011.54 0 2691 FD 1.146026 1.068930 +0.077097
EV 4018.04 0 2689 FD 1.625544 1.617013 +0.008531
EV 4033.88 0 2689 FD 1.630314 1.618917 +0.011397
EV 4043.30 1 2694 FD 0.964589 0.959972 +0.004617
EV 4058.52 0 2691 DF 1.615970 1.894929 -0.278959
EV 4060.76 1 2694 DF 1.697174 1.695510 +0.001664
EV 4083.66 0 2691 DF 1.650720 1.641386 +0.009334
EV 4151.72 0 2691 DF 1.722261 1.730723 -0.008463
EV 4163.16 1 2694 DF 1.664687 1.649227 +0.015461
EV 4166.60 0 2690 FD 1.648591 1.650000 -0.001409
EV 4167.98 0 2691 FD 0.985886 1.005607 -0.019721
EV 4171.32 1 2694 FD 1.004779 1.013763 -0.008984
EV 4181.08 0 2689 FD 1.594961 1.585319 +0.009642
EV 4210.04 1 2693 FD 1.601867 1.634311 -0.032443
EV 4228.76 0 2691 DF 1.666630 1.666284 +0.000346
EV 4230.92 0 2689 FD 1.534008 1.520457 +0.013551
EV 4232.36 0 2690 FD 1.530383 1.535741 -0.005358
EV 4242.30 1 2693 FD 1.443542 1.454513 -0.010972
EV 4244.26 1 2692 FD 1.500876 1.500546 +0.000330
EV 4244.26 1 2692 DF 2.637904 2.637323 +0.000581
EV 4253.60 0 2689 FD 1.521691 1.508778 +0.012912
EV 4265.22 1 2694 DF 1.713634 1.714759 -0.001124
EV 4298.80 0 2691 DF 1.651997 1.651481 +0.000517
EV 4314.00 0 2690 FD 1.489074 1.490784 -0.001711
EV 4319.86 0 2690 FD 1.445458 1.417039 +0.028419
EV 4360.10 0 2690 FD 1.429839 1.430305 -0.000466
EV 4360.10 0 2690 DF 2.513050 2.513870 -0.000820
EV 4360.60 0 2691 FD 0.925421 0.921994 +0.003428
EV 4360.60 0 2691 DF 1.626498 1.620474 +0.006024
EV 4389.66 1 2694 DF 1.734079 1.735695 -0.001617
EV 4410.48 0 2690 FD 1.473770 1.459144 +0.014626
EV 4410.48 0 2690 DF 2.590263 2.564556 +0.025707
EV 4422.24 0 2691 FD 0.945951 0.946752 -0.000801
EV 4431.32 0 2691 DF 1.620542 1.609680 +0.010861
EV 4460.12 0 2690 FD 1.491624 1.490784 +0.000840
EV 4460.12 0 2690 DF 2.621642 2.620166 +0.001476
EV 4463.78 1 2694 FD 0.972728 0.972877 -0.000150
EV 4483.22 0 2691 FD 0.954249 0.956633 -0.002384
EV 4489.80 1 2694 DF 1.700662 1.693134 +0.007528
EV 4492.42 0 2691 DF 1.628295 1.625925 +0.002370
EV 4495.90 1 2693 FD 1.603360 1.603810 -0.000451
EV 4503.90 0 2689 FD 1.635890 1.628504 +0.007386
EV 4519.10 0 2690 FD 1.599918 1.549587 +0.050331
EV 4527.16 1 2692 FD 1.552960 1.515430 +0.037530
EV 4534.74 0 2691 DF 1.626288 1.644737 -0.018449
EV 4540.62 1 2694 FD 0.956376 0.954640 +0.001736
EV 4583.78 0 2690 FD 1.647187 1.646049 +0.001138
EV 4584.36 1 2694 DF 1.682831 1.683697 -0.000866
EV 4589.12 0 2690 FD 1.620963 1.603810 +0.017153
EV 4592.92 0 2691 DF 1.854234 1.842908 +0.011326
EV 4601.24 1 2693 FD 1.599757 1.600078 -0.000321
EV 4609.88 0 2691 FD 0.948060 0.950023 -0.001963
EV 4625.90 0 2691 DF 1.677344 1.827578 -0.150234
EV 4626.98 0 2691 FD 0.949616 1.039829 -0.090212
EV 4653.88 0 2691 DF 1.626099 1.628116 -0.002017
EV 4662.58 0 2691 FD 0.932295 0.938994 -0.006699
EV 4678.40 1 2694 DF 1.660906 1.660559 +0.000347
EV 4685.64 1 2693 FD 1.599828 1.576232 +0.023596
EV 4689.78 0 2691 DF 1.617697 1.620474 -0.002777
EV 4695.26 1 2694 FD 0.974900 0.973566 +0.001334
EV 4716.96 1 2693 FD 1.588672 1.587149 +0.001523
EV 4764.68 1 2694 DF 1.689621 1.687224 +0.002397
EV 4767.56 0 2691 FD 0.958403 0.961987 -0.003584
EV 4767.56 0 2691 DF 1.684465 1.690765 -0.006300
EV 4800.34 0 2689 FD 1.566564 1.563685 +0.002879
EV 4828.06 0 2691 DF 1.667608 1.667433 +0.000174
EV 4831.18 0 2690 FD 1.516049 1.448385 +0.067664
EV 4836.40 0 2691 FD 0.972879 0.970817 +0.002063
EV 4874.96 1 2694 DF 1.730350 1.702677 +0.027673
EV 4882.68 0 2690 FD 1.509777 1.500546 +0.009231
EV 4898.02 0 2691 DF 1.688681 1.679018 +0.009662
EV 4927.36 0 2690 FD 1.490040 1.490784 -0.000744
EV 4928.40 1 2692 FD 1.647714 1.648022 -0.000309
EV 4933.36 0 2689 FD 1.552088 1.546102 +0.005986
EV 4933.36 0 2689 DF 2.727911 2.717391 +0.010520
EV 4949.38 0 2691 FD 0.958821 0.959972 -0.001151
EV 4967.20 0 2691 DF 1.635418 1.649227 -0.013809
EV 4980.38 1 2693 FD 1.538105 1.563685 -0.025580
EV 4990.84 1 2694 DF 1.681428 1.683697 -0.002269
EV 4995.40 0 2689 FD 1.475065 1.523827 -0.048762
EV 4995.40 0 2689 DF 2.592538 2.678242 -0.085704
HB FD 1.290 58
HB FD 1.310 195
HB FD 1.330 409
HB FD 1.610 5764
HB FD 1.350 842
HB FD 1.630 7852
HB FD 1.370 1634
HB FD 1.390 2275
HB FD 1.650 3268
HB DF 1.810 2
HB DF 1.830 2
HB DF 1.850 3
HB DF 1.870 5
HB DF 1.890 4
HB DF 1.910 6
HB DF 1.930 2
HB DF 1.950 6
HB DF 1.970 8
HB DF 1.990 6
HB DF 2.210 279
HB DF 2.230 455
HB DF 2.250 817
HB DF 2.270 1381
HB DF 2.290 2094
HB DF 2.310 2967
HB DF 2.330 3992
HB DF 2.350 4878
HB DF 2.610 1023
HB DF 2.630 786
HB DF 2.370 5625
HB DF 2.650 518
HB DF 2.390 3363
HB DF 2.670 229
HB DF 2.690 36
HB DF 2.710 47
HB DF 2.730 44
HB DF 2.750 44
HB DF 2.770 56
HB DF 2.790 61
HB FD 1.030 1
HB FD 1.050 1
HB FD 1.090 4
HB FD 1.110 5
HB FD 1.130 5
HB FD 1.150 7
HB FD 1.410 2863
HB FD 1.170 7
HB FD 1.430 3272
HB FD 1.190 10
HB FD 1.450 3346
HB FD 1.470 3380
HB FD 1.490 3355
HB FD 1.510 3351
HB FD 1.530 3328
HB FD 1.550 3649
HB FD 1.570 3845
HB FD 1.590 4612
HB DF 1.650 1
HB DF 1.690 2
HB DF 1.730 1
HB DF 1.770 2
HB DF 2.010 8
HB DF 2.030 17
HB DF 2.050 19
HB DF 2.070 14
HB DF 2.090 22
HB DF 2.110 44
HB DF 2.130 51
HB DF 2.150 72
HB DF 2.410 920
HB DF 2.170 129
HB DF 2.430 1067
HB DF 2.190 191
HB DF 2.450 1266
HB DF 2.470 1390
HB DF 2.490 1508
HB DF 2.510 1549
HB DF 2.530 1495
HB DF 2.810 59
HB DF 2.550 1431
HB DF 2.830 61
HB DF 2.570 1328
HB DF 2.850 62
HB DF 2.590 1205
HB DF 2.870 87
HB DF 2.890 67
HB FD 1.210 20
HB FD 1.230 21
HB FD 1.250 34
HB FD 1.270 31
SUM obj T0 DF n=61 resid_mean=-0.010463 resid_rms=0.043715
SUM obj T0 FD n=91 resid_mean=+0.002258 resid_rms=0.019470
SUM obj T1 DF n=58 resid_mean=+0.000463 resid_rms=0.014724
SUM obj T1 FD n=68 resid_mean=+0.000181 resid_rms=0.013079
SUM pooled DF n=119 resid_mean=-0.005138 resid_rms=0.033393
SUM pooled FD n=159 resid_mean=+0.001370 resid_rms=0.017064
SUM bath FD n=57444
SUM bath DF n=42807
