EV 1000.22 0 2701 FD 1.442891 1.446861 -0.003970
EV 1000.22 0 2701 DF 2.535990 2.542967 -0.006977
EV 1013.08 1 2704 FD 1.467778 1.460694 +0.007084
EV 1013.08 1 2704 DF 2.579731 2.567280 +0.012451
EV 1016.56 0 2702 DF 1.640368 1.639159 +0.001209
EV 1023.16 0 2700 FD 1.484038 1.473214 +0.010824
EV 1023.16 0 2700 DF 2.608310 2.589286 +0.019024
EV 1065.64 1 2705 DF 1.690117 1.690765 -0.000648
EV 1090.74 1 2705 FD 0.975703 0.976331 -0.000628
EV 1102.80 0 2702 FD 0.955756 0.957966 -0.002210
EV 1102.80 0 2702 DF 1.679813 1.683697 -0.003884
EV 1142.62 1 2705 FD 0.979482 0.978416 +0.001067
EV 1151.38 1 2705 DF 1.691664 1.670892 +0.020772
EV 1167.54 0 2700 FD 1.593383 1.588983 +0.004400
EV 1204.82 0 2702 DF 1.726770 1.728248 -0.001478
EV 1246.02 1 2704 FD 1.628860 1.628504 +0.000356
EV 1250.58 0 2700 FD 1.609989 1.600078 +0.009912
EV 1269.56 1 2705 DF 1.687450 1.686047 +0.001403
EV 1270.88 1 2703 FD 1.580167 1.558368 +0.021800
EV 1294.12 0 2700 FD 1.545104 1.532318 +0.012786
EV 1298.24 0 2702 DF 1.681105 1.679018 +0.002087
EV 1302.60 1 2703 FD 1.601148 1.617013 -0.015865
EV 1306.66 0 2702 FD 0.966529 0.974256 -0.007727
EV 1309.18 0 2701 FD 1.513282 1.532318 -0.019036
EV 1309.18 0 2701 DF 2.659707 2.693165 -0.033458
EV 1324.78 1 2703 FD 1.549928 1.567249 -0.017321
EV 1350.06 0 2702 FD 0.957555 0.964010 -0.006455
EV 1355.36 1 2705 DF 1.688462 1.690765 -0.002303
EV 1363.06 1 2704 FD 1.617123 1.594511 +0.022612
EV 1376.02 0 2702 DF 1.689174 1.689583 -0.000409
EV 1378.54 1 2703 FD 1.601401 1.576232 +0.025168
EV 1380.78 1 2705 FD 0.969116 0.969448 -0.000332
EV 1384.52 0 2701 FD 1.592199 1.594511 -0.002312
EV 1384.52 0 2701 DF 2.798411 2.802474 -0.004063
EV 1396.82 0 2700 FD 1.550630 1.546102 +0.004528
EV 1408.02 0 2700 FD 1.509579 1.510436 -0.000856
EV 1411.50 1 2704 FD 1.526270 1.547842 -0.021573
EV 1428.72 1 2704 FD 1.447442 1.428819 +0.018623
EV 1428.72 1 2704 DF 2.543989 2.511257 +0.032731
EV 1433.66 1 2705 DF 1.629039 1.628116 +0.000923
EV 1446.26 0 2702 DF 1.662566 1.658280 +0.004286
EV 1446.72 0 2701 FD 1.483549 1.457597 +0.025952
EV 1466.48 0 2700 FD 1.458171 1.477965 -0.019794
EV 1512.04 1 2705 FD 0.953395 0.953316 +0.000079
EV 1512.04 1 2705 DF 1.675664 1.675526 +0.000139
EV 1516.80 0 2702 DF 1.653154 1.656007 -0.002853
EV 1536.50 0 2700 FD 1.447340 1.484347 -0.037006
EV 1581.80 0 2700 FD 1.531383 1.523827 +0.007556
EV 1590.86 1 2705 DF 1.676533 1.681354 -0.004821
EV 1595.56 0 2702 DF 1.686853 1.684871 +0.001982
EV 1608.44 0 2701 FD 1.587741 1.594511 -0.006770
EV 1616.26 1 2705 FD 0.961005 0.961314 -0.000309
EV 1668.92 1 2705 DF 1.668466 1.668585 -0.000118
EV 1677.18 1 2705 FD 0.987757 0.990396 -0.002639
EV 1682.36 0 2702 DF 1.679824 1.688402 -0.008578
EV 1763.20 1 2705 DF 1.685063 1.688402 -0.003339
EV 1764.88 0 2700 FD 1.449682 1.431795 +0.017887
EV 1768.40 0 2702 DF 1.655552 1.654873 +0.000679
EV 1821.72 0 2700 FD 1.520016 1.508778 +0.011237
EV 1858.16 1 2705 DF 1.671348 1.668585 +0.002764
EV 1863.90 0 2702 DF 1.686930 1.687224 -0.000293
EV 1893.46 0 2700 FD 1.540928 1.534028 +0.006900
EV 1895.18 1 2704 FD 1.516489 1.532318 -0.015829
EV 1895.18 1 2704 DF 2.665344 2.693165 -0.027821
EV 1918.34 1 2705 FD 0.953544 0.951996 +0.001547
EV 1922.72 1 2704 FD 1.461638 1.459144 +0.002494
EV 1924.36 0 2702 FD 0.925253 0.928218 -0.002965
EV 1925.74 0 2701 FD 1.401096 1.428819 -0.027723
EV 1925.74 0 2701 DF 2.462533 2.511257 -0.048725
EV 1933.46 0 2702 DF 1.614601 1.616139 -0.001538
EV 1936.42 1 2705 DF 1.618617 1.617221 +0.001396
EV 1961.98 1 2704 FD 1.544523 1.522140 +0.022383
EV 1971.12 1 2705 FD 0.938521 0.935799 +0.002722
EV 1985.90 0 2702 FD 0.941370 0.942211 -0.000841
EV 1990.26 1 2704 FD 1.462593 1.448385 +0.014208
EV 1990.26 1 2704 DF 2.570618 2.545646 +0.024971
EV 1994.70 0 2701 FD 1.378780 1.375917 +0.002863
EV 1994.70 0 2701 DF 2.423311 2.418279 +0.005032
EV 2003.84 0 2702 DF 1.632320 1.625925 +0.006395
EV 2006.64 1 2705 DF 1.649024 1.636938 +0.012085
EV 2032.58 1 2703 FD 1.547973 1.553087 -0.005115
EV 2041.24 1 2705 FD 0.925140 0.927592 -0.002452
EV 2051.28 1 2704 FD 1.441023 1.434783 +0.006241
EV 2051.28 1 2704 DF 2.532708 2.521739 +0.010968
EV 2063.84 0 2701 FD 1.495476 1.394052 +0.101424
EV 2065.76 0 2702 FD 0.923442 0.926966 -0.003525
EV 2068.52 1 2705 DF 1.622988 1.624832 -0.001844
EV 2074.80 0 2702 DF 1.637840 1.631413 +0.006427
EV 2080.72 0 2700 FD 1.387790 1.389825 -0.002035
EV 2080.72 0 2700 DF 2.439146 2.442722 -0.003576
EV 2081.98 0 2701 DF 2.376665 2.292128 +0.084537
EV 2085.86 1 2705 FD 0.935373 0.940278 -0.004905
EV 2108.68 0 2701 FD 1.505080 1.507125 -0.002045
EV 2110.52 1 2703 FD 1.488630 1.459144 +0.029486
EV 2110.52 1 2703 DF 2.616380 2.564556 +0.051824
EV 2118.86 0 2702 FD 0.934143 0.931993 +0.002150
EV 2130.48 1 2705 DF 1.641830 1.644737 -0.002907
EV 2136.66 0 2702 DF 1.657988 1.658280 -0.000292
EV 2145.74 1 2704 FD 1.581960 1.585319 -0.003359
EV 2156.34 1 2705 FD 0.938991 0.938353 +0.000638
EV 2176.78 0 2700 FD 1.447208 1.449912 -0.002704
EV 2197.94 1 2703 FD 1.520086 1.539179 -0.019093
EV 2201.14 1 2705 DF 1.603014 1.613980 -0.010966
EV 2207.38 0 2702 DF 1.643288 1.638048 +0.005241
EV 2230.50 0 2701 FD 1.432986 1.424378 +0.008607
EV 2230.50 0 2701 DF 2.518581 2.503453 +0.015128
EV 2242.62 0 2702 FD 0.935463 0.935162 +0.000301
EV 2263.16 1 2705 DF 1.645564 1.640271 +0.005293
EV 2269.36 0 2702 DF 1.655808 1.650353 +0.005456
EV 2275.94 0 2700 FD 1.501219 1.479555 +0.021664
EV 2275.94 0 2700 DF 2.638507 2.600430 +0.038076
EV 2295.26 0 2702 FD 0.958374 0.956633 +0.001742
EV 2304.08 0 2702 FD 0.947418 0.947405 +0.000013
EV 2306.18 1 2705 FD 0.957046 0.957299 -0.000253
EV 2308.74 1 2704 FD 1.487690 1.487559 +0.000132
EV 2308.74 1 2704 DF 2.614728 2.614497 +0.000231
EV 2323.90 1 2705 FD 0.943776 0.945450 -0.001674
EV 2327.72 0 2701 FD 1.435514 1.415580 +0.019934
EV 2330.72 0 2702 DF 1.596180 1.627020 -0.030839
EV 2333.02 1 2705 DF 1.601266 1.599030 +0.002237
EV 2369.22 0 2701 FD 1.450719 1.454513 -0.003794
EV 2369.22 0 2701 DF 2.549749 2.556417 -0.006668
EV 2374.58 0 2700 FD 1.424779 1.395467 +0.029312
EV 2374.58 0 2700 DF 2.504157 2.452639 +0.051519
EV 2401.76 0 2702 DF 1.656557 1.657143 -0.000586
EV 2403.50 1 2705 DF 1.660976 1.662844 -0.001868
EV 2424.72 1 2703 FD 1.536263 1.535741 +0.000522
EV 2478.44 0 2700 FD 1.436108 1.436281 -0.000173
EV 2478.44 0 2700 DF 2.524069 2.524373 -0.000305
EV 2480.68 0 2702 DF 1.660257 1.659419 +0.000838
EV 2482.08 1 2705 DF 1.674804 1.674365 +0.000439
EV 2500.08 0 2700 FD 1.540810 1.542633 -0.001822
EV 2516.22 1 2704 FD 1.578362 1.578041 +0.000321
EV 2521.84 1 2704 FD 1.522285 1.479555 +0.042730
EV 2567.44 0 2702 DF 1.656983 1.654873 +0.002110
EV 2567.92 1 2705 DF 1.668354 1.670892 -0.002538
EV 2568.36 0 2700 FD 1.441222 1.434783 +0.006439
EV 2586.12 0 2701 FD 1.441195 1.439288 +0.001907
EV 2592.18 0 2701 FD 1.406888 1.406889 -0.000001
EV 2592.18 0 2701 DF 2.472713 2.472715 -0.000002
EV 2637.78 1 2705 DF 1.634834 1.635830 -0.000996
EV 2638.36 0 2702 DF 1.631838 1.624832 +0.007006
EV 2678.78 1 2703 FD 1.630218 1.626577 +0.003640
EV 2679.32 0 2701 FD 1.517988 1.498910 +0.019079
EV 2696.88 1 2705 DF 1.672347 1.670892 +0.001455
EV 2699.26 0 2702 FD 0.939311 0.940278 -0.000967
EV 2708.20 0 2702 DF 1.635609 1.635830 -0.000221
EV 2725.56 0 2702 FD 0.958402 0.957966 +0.000436
EV 2733.50 1 2705 DF 1.653808 1.872901 -0.219093
EV 2790.06 0 2700 FD 1.609013 1.600078 +0.008935
EV 2790.98 1 2705 FD 1.008248 1.010782 -0.002533
EV 2790.98 1 2705 DF 1.772073 1.776525 -0.004453
EV 2800.28 1 2703 FD 1.647079 1.646049 +0.001029
EV 2806.30 0 2700 FD 1.565683 1.567249 -0.001567
EV 2807.36 1 2705 FD 0.986892 0.993258 -0.006366
EV 2810.94 0 2702 DF 1.680948 1.675526 +0.005423
EV 2821.68 0 2701 FD 1.564196 1.553087 +0.011109
EV 2838.54 1 2705 DF 1.793372 1.805729 -0.012357
EV 2854.38 1 2705 FD 1.047724 1.054178 -0.006455
EV 2859.82 0 2701 FD 1.537373 1.546102 -0.008729
EV 2863.42 1 2705 DF 1.610359 1.616139 -0.005780
EV 2889.70 1 2705 DF 1.655182 1.657143 -0.001961
EV 2897.10 0 2702 DF 1.670249 1.667433 +0.002816
EV 2905.54 0 2702 FD 0.975372 0.974256 +0.001116
EV 2906.08 1 2705 FD 1.023204 1.022052 +0.001152
EV 2948.02 1 2705 FD 0.986672 0.986842 -0.000170
EV 2965.50 1 2705 DF 1.668937 1.665136 +0.003802
EV 2974.62 1 2704 FD 1.641913 1.648022 -0.006109
EV 2996.68 1 2705 FD 0.964308 0.964687 -0.000378
EV 3007.74 0 2702 DF 1.711168 1.706284 +0.004885
EV 3015.98 0 2702 FD 0.988311 0.996136 -0.007825
EV 3021.06 1 2704 FD 1.649105 1.650000 -0.000895
EV 3026.14 1 2705 DF 1.973838 2.013330 -0.039491
EV 3042.36 0 2701 FD 1.627525 1.622738 +0.004787
EV 3058.80 0 2700 FD 1.591214 1.585319 +0.005895
EV 3058.80 0 2700 DF 2.796680 2.786318 +0.010361
EV 3075.26 0 2702 FD 0.980904 0.980509 +0.000396
EV 3085.56 1 2705 DF 2.130157 2.141802 -0.011646
EV 3091.70 1 2704 FD 1.649579 1.650000 -0.000421
EV 3104.86 1 2705 DF 2.182742 2.186369 -0.003627
EV 3109.20 0 2702 DF 1.726944 1.723318 +0.003625
EV 3136.34 0 2701 FD 1.638285 1.638205 +0.000080
EV 3159.06 0 2702 FD 0.983127 0.981909 +0.001218
EV 3165.66 1 2705 DF 2.231601 2.266333 -0.034733
EV 3176.06 0 2702 FD 0.984222 0.984722 -0.000500
EV 3177.84 1 2705 DF 2.255240 2.307447 -0.052208
EV 3209.40 0 2701 FD 1.647176 1.648022 -0.000847
EV 3209.66 0 2702 DF 1.730872 1.744466 -0.013594
EV 3224.86 0 2701 FD 1.647759 1.646049 +0.001710
EV 3243.52 0 2702 FD 0.971597 0.966721 +0.004875
EV 3252.94 0 2701 FD 1.561150 1.560136 +0.001014
EV 3257.78 1 2703 FD 1.641588 1.642118 -0.000529
EV 3261.92 1 2705 DF 2.167580 2.255756 -0.088176
EV 3263.26 1 2703 FD 1.600620 1.489170 +0.111450
EV 3267.80 1 2704 FD 1.649908 1.650000 -0.000092
EV 3274.54 1 2705 FD 1.228063 1.237253 -0.009189
EV 3274.54 1 2705 DF 2.158414 2.174565 -0.016151
EV 3284.28 0 2700 FD 1.602819 1.603810 -0.000991
EV 3288.00 1 2704 FD 1.649782 1.650000 -0.000218
EV 3297.54 1 2705 DF 1.652634 1.624832 +0.027802
EV 3303.04 0 2702 DF 1.740971 1.735695 +0.005276
EV 3319.12 0 2702 FD 1.009009 1.015260 -0.006251
EV 3339.90 1 2705 DF 1.745610 1.739443 +0.006167
EV 3347.80 1 2705 FD 1.021955 1.042984 -0.021029
EV 3349.12 1 2704 FD 1.630611 1.646049 -0.015439
EV 3386.66 1 2703 FD 1.630459 1.628504 +0.001955
EV 3414.60 1 2705 DF 1.737451 1.739443 -0.001993
EV 3420.92 0 2702 DF 1.715824 1.715976 -0.000152
EV 3437.50 0 2702 FD 0.987080 0.987551 -0.000471
EV 3446.14 0 2700 FD 1.569996 1.570830 -0.000834
EV 3472.10 1 2705 DF 1.664355 1.663989 +0.000366
EV 3474.14 0 2701 FD 1.539168 1.503828 +0.035340
EV 3474.14 0 2701 DF 2.705205 2.643092 +0.062114
EV 3479.48 0 2700 FD 1.505334 1.477965 +0.027369
EV 3480.52 1 2705 FD 0.963843 0.963335 +0.000508
EV 3489.32 0 2702 FD 0.954095 0.952656 +0.001439
EV 3491.02 0 2700 FD 1.432268 1.462247 -0.029979
EV 3491.02 0 2700 DF 2.517320 2.570011 -0.052690
EV 3498.18 0 2702 DF 1.681937 1.665136 +0.016802
EV 3505.54 1 2705 DF 1.663065 1.662844 +0.000221
EV 3546.14 1 2705 DF 1.742832 1.711116 +0.031715
EV 3582.50 0 2702 FD 0.988022 0.987551 +0.000471
EV 3590.90 1 2705 DF 1.725255 1.734450 -0.009195
EV 3607.90 0 2702 DF 1.731169 1.730723 +0.000446
EV 3653.76 1 2705 DF 2.153981 2.268461 -0.114480
EV 3697.16 0 2701 FD 1.637745 1.636255 +0.001489
EV 3715.82 0 2702 FD 0.985188 0.981909 +0.003279
EV 3724.38 0 2702 DF 1.719811 1.719639 +0.000172
EV 3747.90 1 2705 DF 2.115016 2.149422 -0.034406
EV 3812.42 0 2702 DF 2.024373 2.023444 +0.000929
EV 3827.18 1 2705 DF 2.018048 2.043981 -0.025933
EV 3840.26 0 2702 FD 1.138597 1.138874 -0.000276
EV 3856.36 0 2702 FD 1.002477 1.004138 -0.001661
EV 3856.36 0 2702 DF 1.761930 1.764849 -0.002919
EV 3856.36 1 2704 FD 1.646960 1.648022 -0.001062
EV 3914.00 0 2700 FD 1.639967 1.640159 -0.000192
EV 3945.00 1 2705 DF 1.727713 1.728248 -0.000535
EV 3965.42 0 2702 DF 1.731233 1.730723 +0.000509
EV 3971.82 0 2701 FD 1.649757 1.650000 -0.000243
EV 3998.72 0 2702 FD 0.980106 0.981208 -0.001102
EV 4044.54 1 2705 FD 0.984099 0.983313 +0.000786
EV 4053.28 1 2705 DF 1.696332 1.683697 +0.012635
EV 4083.42 0 2702 DF 1.726628 1.728248 -0.001620
EV 4146.52 1 2703 FD 1.638990 1.636255 +0.002735
EV 4152.04 1 2703 FD 1.562842 1.513761 +0.049080
EV 4170.54 1 2705 DF 1.731433 1.729485 +0.001948
EV 4192.52 0 2702 FD 0.984132 0.984722 -0.000590
EV 4201.08 0 2702 DF 1.718837 1.718417 +0.000421
EV 4229.70 0 2701 FD 1.625097 1.636255 -0.011158
EV 4246.00 0 2701 FD 1.578668 1.563685 +0.014983
EV 4262.28 1 2705 FD 0.983919 0.987551 -0.003632
EV 4271.04 1 2705 DF 1.689062 1.675526 +0.013536
EV 4279.66 1 2704 FD 1.618965 1.618917 +0.000048
EV 4290.38 0 2700 FD 1.516136 1.502185 +0.013951
EV 4295.18 0 2702 DF 1.651681 1.658280 -0.006599
EV 4312.48 0 2702 FD 0.956530 0.956633 -0.000103
EV 4323.34 1 2703 FD 1.543252 1.547842 -0.004590
EV 4357.30 1 2705 DF 1.671806 1.672048 -0.000242
EV 4360.72 1 2704 FD 1.487286 1.370432 +0.116854
EV 4373.20 1 2705 FD 1.045989 1.046158 -0.000169
EV 4373.90 0 2702 DF 1.668724 1.661701 +0.007023
EV 4382.36 0 2701 FD 1.508736 1.513761 -0.005025
EV 4388.36 0 2701 FD 1.363469 1.358248 +0.005220
EV 4388.36 0 2701 DF 2.396400 2.387224 +0.009175
EV 4399.16 1 2704 FD 1.569043 1.539179 +0.029864
EV 4408.78 0 2702 FD 0.948323 0.950023 -0.001700
EV 4435.60 0 2702 DF 1.640337 1.631413 +0.008924
EV 4462.78 0 2700 FD 1.517309 1.502185 +0.015124
EV 4519.14 1 2705 DF 1.846675 1.844314 +0.002361
EV 4529.86 0 2702 DF 1.732536 1.733206 -0.000669
EV 4530.64 1 2703 FD 1.646863 1.642118 +0.004745
EV 4531.72 0 2700 FD 1.649721 1.638205 +0.011516
EV 4554.98 0 2702 FD 0.984747 0.983313 +0.001433
EV 4615.54 0 2702 DF 1.660389 1.662844 -0.002455
EV 4632.74 0 2701 FD 1.578526 1.578041 +0.000484
EV 4635.70 1 2705 FD 1.275973 1.268060 +0.007912
EV 4674.52 0 2701 FD 1.446919 1.454513 -0.007594
EV 4674.52 0 2701 DF 2.543071 2.556417 -0.013347
EV 4680.80 0 2700 FD 1.453735 1.462247 -0.008512
EV 4680.80 0 2700 DF 2.555050 2.570011 -0.014961
EV 4685.58 1 2705 FD 1.176497 1.174879 +0.001618
EV 4686.08 0 2702 DF 1.658808 1.665136 -0.006327
EV 4711.98 0 2702 FD 0.953990 0.955303 -0.001314
EV 4738.56 1 2705 FD 1.109066 1.108573 +0.000493
EV 4746.58 1 2705 DF 1.821857 1.816587 +0.005270
EV 4755.44 0 2702 FD 0.957553 0.957299 +0.000254
EV 4755.44 0 2702 DF 1.682972 1.682525 +0.000447
EV 4840.06 0 2702 DF 1.723787 1.723318 +0.000469
EV 4856.88 1 2704 FD 1.649854 1.650000 -0.000146
EV 4862.64 0 2702 FD 1.013613 1.032799 -0.019187
EV 4882.50 1 2704 FD 1.634669 1.638205 -0.003536
EV 4913.50 0 2702 DF 1.730232 1.799007 -0.068775
EV 4929.04 1 2704 FD 1.648795 1.648022 +0.000772
EV 4930.36 1 2705 DF 2.307159 2.287788 +0.019371
EV 4952.86 0 2700 FD 1.616647 1.630435 -0.013788
EV 4963.90 0 2702 FD 0.944922 0.958634 -0.013711
EV 4972.56 1 2705 FD 1.599402 1.600078 -0.000676
EV 4981.80 0 2702 DF 1.675711 1.663989 +0.011722
EV 4986.22 0 2700 FD 1.570520 1.540904 +0.029616
EV 4990.16 0 2702 FD 0.981835 0.970817 +0.011019
HB FD 1.290 131
HB FD 1.310 271
HB FD 1.330 587
HB FD 1.610 6518
HB FD 1.350 1143
HB FD 1.630 8750
HB FD 1.370 1955
HB FD 1.390 2801
HB FD 1.650 3612
HB DF 1.810 3
HB DF 1.830 5
HB DF 1.590 1
HB DF 1.850 5
HB DF 1.870 2
HB DF 1.890 5
HB DF 1.910 6
HB DF 1.930 9
HB DF 1.950 10
HB DF 1.970 8
HB DF 1.990 11
HB DF 2.210 359
HB DF 2.230 593
HB DF 2.250 1091
HB DF 2.270 1692
HB DF 2.290 2570
HB DF 2.310 3497
HB DF 2.330 4580
HB DF 2.350 5593
HB DF 2.610 1156
HB DF 2.630 866
HB DF 2.370 5854
HB DF 2.650 641
HB DF 2.390 3589
HB DF 2.670 290
HB DF 2.690 56
HB DF 2.710 62
HB DF 2.730 42
HB DF 2.750 42
HB DF 2.770 58
HB DF 2.790 57
HB FD 1.010 4
HB FD 1.030 2
HB FD 1.050 4
HB FD 1.070 8
HB FD 1.090 2
HB FD 1.110 8
HB FD 1.130 9
HB FD 1.150 12
HB FD 1.410 3424
HB FD 1.170 15
HB FD 1.430 3687
HB FD 1.190 11
HB FD 1.450 3973
HB FD 1.470 3905
HB FD 1.490 3849
HB FD 1.510 3891
HB FD 1.530 3822
HB FD 1.550 4054
HB FD 1.570 4398
HB FD 1.590 5221
HB DF 1.610 1
HB DF 1.630 1
HB DF 1.690 1
HB DF 1.710 2
HB DF 1.730 2
HB DF 1.750 2
HB DF 1.770 5
HB DF 1.790 3
HB DF 2.010 22
HB DF 2.030 25
HB DF 2.050 22
HB DF 2.070 33
HB DF 2.090 55
HB DF 2.110 62
HB DF 2.130 69
HB DF 2.150 113
HB DF 2.410 1084
HB DF 2.170 172
HB DF 2.430 1270
HB DF 2.190 239
HB DF 2.450 1542
HB DF 2.470 1680
HB DF 2.490 1719
HB DF 2.510 1757
HB DF 2.530 1681
HB DF 2.810 65
HB DF 2.550 1662
HB DF 2.830 68
HB DF 2.570 1549
HB DF 2.850 87
HB DF 2.590 1385
HB DF 2.870 101
HB DF 2.890 85
HB FD 1.210 22
HB FD 0.970 2
HB FD 1.230 26
HB FD 0.990 1
HB FD 1.250 39
HB FD 1.270 57
SUM obj T0 DF n=68 resid_mean=+0.001025 resid_rms=0.020858
SUM obj T0 FD n=99 resid_mean=+0.002456 resid_rms=0.015212
SUM obj T1 DF n=60 resid_mean=-0.007156 resid_rms=0.037124
SUM obj T1 FD n=73 resid_mean=+0.004930 resid_rms=0.022158
SUM pooled DF n=128 resid_mean=-0.002810 resid_rms=0.029897
SUM pooled FD n=172 resid_mean=+0.003506 resid_rms=0.018522
SUM bath FD n=66214
SUM bath DF n=49317
