EV 1002.16 1 2705 DF 1.724451 1.725780 -0.001329
EV 1011.38 1 2703 FD 1.648831 1.648022 +0.000808
EV 1025.16 0 2702 DF 1.702597 1.709906 -0.007309
EV 1027.00 0 2701 FD 1.580716 1.553087 +0.027629
EV 1048.36 1 2704 DF 1.841361 1.844314 -0.002954
EV 1050.54 0 2702 DF 1.757675 1.702677 +0.054998
EV 1053.56 0 2701 FD 1.646767 1.626577 +0.020190
EV 1063.48 1 2704 FD 1.064131 1.070594 -0.006463
EV 1084.10 0 2702 DF 1.708931 1.708697 +0.000234
EV 1102.80 1 2704 FD 1.082477 1.076461 +0.006016
EV 1109.38 0 2702 DF 1.702330 1.674365 +0.027965
EV 1119.06 1 2705 DF 1.741483 1.744466 -0.002983
EV 1119.54 0 2700 FD 1.646849 1.650000 -0.003151
EV 1142.22 1 2704 FD 1.045194 1.040616 +0.004579
EV 1143.02 0 2702 DF 1.682133 1.717196 -0.035063
EV 1161.22 0 2700 FD 1.632288 1.624655 +0.007632
EV 1166.76 0 2700 FD 1.533624 1.505474 +0.028150
EV 1168.46 0 2702 DF 1.661920 1.667433 -0.005513
EV 1174.04 1 2704 FD 1.022805 1.032799 -0.009994
EV 1177.08 0 2702 FD 0.939019 0.940278 -0.001259
EV 1191.18 1 2704 DF 1.664119 1.684871 -0.020752
EV 1203.82 0 2702 DF 1.656057 1.646979 +0.009078
EV 1207.74 0 2701 FD 1.486513 1.440796 +0.045716
EV 1216.34 1 2704 FD 0.974443 0.971503 +0.002941
EV 1219.22 0 2700 FD 1.498354 1.466927 +0.031426
EV 1219.22 0 2700 DF 2.633470 2.578236 +0.055234
EV 1247.76 0 2702 DF 1.699255 1.684871 +0.014384
EV 1249.78 1 2704 FD 1.083883 1.059866 +0.024017
EV 1257.62 0 2700 FD 1.573319 1.561908 +0.011410
EV 1266.64 1 2705 DF 1.738079 1.736943 +0.001136
EV 1273.54 0 2702 DF 1.659379 1.675526 -0.016146
EV 1274.40 1 2705 FD 1.056975 1.062323 -0.005348
EV 1282.18 1 2704 FD 1.017881 1.028935 -0.011054
EV 1285.58 0 2700 FD 1.529634 1.535741 -0.006107
EV 1299.56 0 2702 FD 0.938703 0.955968 -0.017264
EV 1310.28 0 2701 FD 1.446244 1.419966 +0.026279
EV 1315.44 1 2703 FD 1.640495 1.632370 +0.008125
EV 1316.00 1 2704 DF 1.662612 1.662844 -0.000232
EV 1317.28 0 2702 DF 1.662224 1.642501 +0.019722
EV 1332.34 1 2704 FD 1.026519 1.028935 -0.002416
EV 1342.24 1 2705 FD 0.975267 0.972189 +0.003077
EV 1351.72 0 2702 DF 1.686059 1.681354 +0.004704
EV 1360.26 0 2702 FD 0.966120 0.957299 +0.008822
EV 1363.96 0 2700 FD 1.504916 1.547842 -0.042927
EV 1363.96 0 2700 DF 2.645004 2.720450 -0.075447
EV 1368.20 1 2705 DF 1.712616 1.712329 +0.000288
EV 1368.98 0 2702 FD 0.962457 0.959302 +0.003155
EV 1381.32 1 2704 FD 0.982972 0.980509 +0.002463
EV 1386.58 0 2702 DF 1.674218 1.631413 +0.042805
EV 1409.66 1 2705 FD 0.979732 0.985428 -0.005696
EV 1412.16 0 2702 DF 1.704012 1.700281 +0.003730
EV 1437.24 0 2702 DF 1.729664 1.725780 +0.003885
EV 1459.06 1 2704 FD 1.065611 1.084100 -0.018489
EV 1459.06 1 2704 DF 1.872892 1.905388 -0.032496
EV 1465.18 0 2701 FD 1.646019 1.646049 -0.000030
EV 1469.30 1 2705 DF 1.730656 1.729485 +0.001171
EV 1469.72 0 2702 FD 0.982688 0.974947 +0.007741
EV 1469.72 0 2702 DF 1.727149 1.713543 +0.013606
EV 1478.02 0 2702 FD 0.992176 0.993976 -0.001800
EV 1503.50 0 2702 DF 1.718397 1.713543 +0.004854
EV 1552.78 0 2702 DF 1.739128 1.723318 +0.015810
EV 1560.64 1 2704 FD 1.074237 1.079843 -0.005605
EV 1560.76 0 2702 FD 1.029304 1.029705 -0.000401
EV 1577.88 0 2702 DF 1.725861 1.707489 +0.018371
EV 1601.58 1 2703 FD 1.641220 1.642118 -0.000898
EV 1602.96 0 2702 DF 1.736060 1.725780 +0.010280
EV 1614.46 1 2704 FD 1.099870 1.100587 -0.000717
EV 1614.86 1 2705 DF 1.652542 1.657143 -0.004601
EV 1618.06 1 2703 FD 1.605413 1.567249 +0.038164
EV 1623.06 0 2701 FD 1.649962 1.650000 -0.000038
EV 1623.30 1 2705 FD 0.955869 0.967402 -0.011533
EV 1635.66 0 2702 DF 1.734868 1.707489 +0.027378
EV 1638.84 0 2701 FD 1.619787 1.600078 +0.019709
EV 1644.82 0 2700 FD 1.574466 1.561908 +0.012557
EV 1645.92 1 2704 DF 1.843659 1.838701 +0.004957
EV 1669.38 0 2702 DF 1.712970 1.722090 -0.009120
EV 1670.54 0 2701 FD 1.622639 1.603810 +0.018828
EV 1676.98 1 2704 FD 1.060204 1.055797 +0.004407
EV 1677.20 1 2705 DF 1.632765 1.631413 +0.001352
EV 1677.70 0 2702 FD 0.953967 0.982611 -0.028644
EV 1703.70 0 2702 DF 1.688265 1.670892 +0.017373
EV 1722.78 0 2700 FD 1.628014 1.628504 -0.000490
EV 1723.20 0 2701 FD 1.608862 1.622738 -0.013876
EV 1729.22 0 2702 DF 1.660853 1.668585 -0.007732
EV 1755.22 0 2702 DF 1.672269 1.670892 +0.001377
EV 1757.22 1 2704 FD 1.077504 1.075619 +0.001885
EV 1763.26 1 2705 DF 1.696307 1.690765 +0.005542
EV 1765.72 0 2700 FD 1.556855 1.540904 +0.015951
EV 1772.58 0 2702 DF 1.662054 1.667433 -0.005379
EV 1786.76 0 2700 FD 1.613699 1.607560 +0.006139
EV 1788.10 0 2701 FD 1.569650 1.572627 -0.002976
EV 1798.48 0 2702 DF 1.636963 1.636938 +0.000024
EV 1805.26 1 2704 FD 1.032290 1.035132 -0.002841
EV 1807.16 0 2702 FD 0.930324 0.952656 -0.022332
EV 1813.64 1 2704 FD 0.993429 0.990396 +0.003033
EV 1813.64 1 2704 DF 1.746026 1.740696 +0.005330
EV 1816.16 0 2702 FD 0.935854 0.935162 +0.000692
EV 1820.12 0 2700 FD 1.457580 1.456054 +0.001526
EV 1820.12 0 2700 DF 2.561807 2.559125 +0.002682
EV 1825.16 0 2702 DF 1.631527 1.640271 -0.008745
EV 1833.82 0 2702 FD 0.952276 0.949367 +0.002909
EV 1846.82 1 2704 FD 1.001511 1.001214 +0.000297
EV 1851.72 0 2702 DF 1.601655 1.611827 -0.010173
EV 1869.52 0 2702 DF 1.638351 1.631413 +0.006937
EV 1887.02 0 2702 DF 1.647168 1.649227 -0.002058
EV 1895.96 1 2705 DF 1.738881 1.733206 +0.005675
EV 1904.34 0 2702 DF 1.673907 1.669737 +0.004170
EV 1921.42 0 2702 DF 1.678205 1.653741 +0.024464
EV 1925.02 0 2701 FD 1.601200 1.596362 +0.004837
EV 1929.90 0 2702 FD 0.970060 0.969448 +0.000612
EV 1946.82 0 2701 FD 1.547740 1.551335 -0.003595
EV 1947.54 0 2702 DF 1.640829 1.653741 -0.012912
EV 1964.86 0 2702 DF 1.672471 1.657143 +0.015328
EV 1990.56 0 2702 DF 1.677241 1.680185 -0.002944
EV 1999.02 0 2702 FD 0.979451 0.977025 +0.002426
EV 2014.02 1 2704 FD 1.054167 1.054178 -0.000011
EV 2014.02 1 2704 DF 1.852779 1.852798 -0.000020
EV 2016.40 0 2702 DF 1.695152 1.689583 +0.005569
EV 2033.24 0 2702 DF 1.730144 1.728248 +0.001897
EV 2043.44 1 2705 DF 1.736446 1.736943 -0.000497
EV 2058.10 0 2701 FD 1.648848 1.648022 +0.000826
EV 2073.96 0 2702 DF 1.727355 1.717196 +0.010159
EV 2078.96 0 2701 FD 1.628421 1.615114 +0.013307
EV 2083.32 1 2704 FD 1.050397 1.059866 -0.009469
EV 2116.46 0 2702 DF 1.731586 1.725780 +0.005806
EV 2139.04 1 2703 FD 1.635942 1.636255 -0.000313
EV 2158.10 0 2702 FD 0.984444 0.983313 +0.001131
EV 2158.10 0 2702 DF 1.730235 1.728248 +0.001987
EV 2160.28 1 2705 DF 1.704472 1.705080 -0.000607
EV 2171.72 0 2701 FD 1.633130 1.640159 -0.007029
EV 2174.94 0 2702 DF 1.721391 1.722090 -0.000699
EV 2178.18 1 2704 FD 1.079314 1.056609 +0.022705
EV 2180.48 1 2703 FD 1.647612 1.648022 -0.000411
EV 2185.92 1 2703 FD 1.622454 1.556604 +0.065850
EV 2191.92 0 2702 DF 1.711595 1.703878 +0.007717
EV 2193.76 1 2704 FD 1.122964 1.078150 +0.044815
EV 2208.86 0 2702 FD 0.978706 0.979810 -0.001104
EV 2208.86 0 2702 DF 1.720149 1.722090 -0.001941
EV 2225.74 0 2702 DF 1.727241 1.730723 -0.003483
EV 2246.18 1 2704 FD 1.137686 1.114865 +0.022821
EV 2249.54 0 2702 DF 1.777062 1.743208 +0.033855
EV 2261.06 1 2704 DF 1.916365 1.919005 -0.002640
EV 2261.82 1 2705 DF 1.737176 1.736943 +0.000233
EV 2265.32 0 2702 FD 1.061704 1.060684 +0.001020
EV 2268.10 1 2704 FD 1.122140 1.123978 -0.001838
EV 2273.88 0 2702 DF 1.709286 1.683697 +0.025588
EV 2275.02 1 2703 FD 1.647990 1.648022 -0.000032
EV 2283.72 0 2700 FD 1.646723 1.644081 +0.002642
EV 2283.72 0 2701 FD 1.648254 1.650000 -0.001746
EV 2290.58 0 2702 DF 1.683421 1.707489 -0.024069
EV 2291.10 1 2703 FD 1.576739 1.569038 +0.007702
EV 2307.66 0 2702 DF 1.706321 1.695510 +0.010812
EV 2313.92 1 2704 FD 1.101228 1.097074 +0.004153
EV 2316.06 0 2702 FD 0.958647 0.957966 +0.000681
EV 2324.72 0 2702 DF 1.695008 1.690765 +0.004243
EV 2341.56 0 2702 DF 1.695942 1.715976 -0.020035
EV 2351.58 0 2700 FD 1.645124 1.638205 +0.006919
EV 2358.14 0 2702 FD 0.977638 0.977025 +0.000613
EV 2358.14 0 2702 DF 1.718273 1.717196 +0.001078
EV 2359.62 1 2704 FD 1.107503 1.092715 +0.014788
EV 2360.50 1 2703 FD 1.586109 1.583493 +0.002616
EV 2363.40 1 2705 DF 1.669465 1.712329 -0.042864
EV 2367.46 1 2704 FD 1.071081 1.056609 +0.014472
EV 2371.64 1 2705 FD 0.992444 0.998306 -0.005862
EV 2375.38 0 2702 DF 1.705883 1.670892 +0.034991
EV 2383.84 0 2702 FD 0.967648 0.966721 +0.000926
EV 2390.84 1 2704 FD 1.068647 1.059050 +0.009597
EV 2392.56 0 2702 DF 1.649277 1.660559 -0.011282
EV 2401.08 0 2702 DF 1.706275 1.703878 +0.002397
EV 2417.70 0 2702 DF 1.747976 1.752054 -0.004079
EV 2438.22 1 2703 FD 1.595174 1.600078 -0.004903
EV 2443.64 1 2704 DF 1.866209 1.946831 -0.080623
EV 2449.88 0 2702 FD 1.061799 1.054178 +0.007621
EV 2449.88 0 2702 DF 1.866193 1.852798 +0.013394
EV 2457.16 1 2705 DF 1.669733 1.667433 +0.002300
EV 2489.14 1 2704 FD 1.067268 1.073101 -0.005833
EV 2505.84 0 2702 DF 1.710063 1.713543 -0.003480
EV 2513.04 1 2703 FD 1.581022 1.569038 +0.011985
EV 2527.72 1 2704 FD 1.141973 1.090981 +0.050991
EV 2537.26 1 2704 DF 1.842682 2.011654 -0.168972
EV 2537.28 0 2702 FD 1.124627 1.138874 -0.014247
EV 2537.28 0 2702 DF 1.976617 2.001657 -0.025040
EV 2542.92 1 2705 DF 1.672168 1.668585 +0.003583
EV 2563.86 1 2704 DF 1.960850 1.988481 -0.027631
EV 2588.44 0 2702 FD 1.136191 1.141710 -0.005520
EV 2589.40 0 2701 FD 1.648767 1.648022 +0.000744
EV 2591.50 1 2704 DF 1.920743 1.988481 -0.067737
EV 2596.40 0 2702 DF 1.923906 1.903887 +0.020019
EV 2605.22 1 2704 FD 1.139752 1.130447 +0.009306
EV 2627.98 1 2704 DF 1.923017 1.923587 -0.000570
EV 2640.90 0 2702 DF 1.972497 2.008310 -0.035813
EV 2660.24 1 2705 DF 1.734846 1.735695 -0.000849
EV 2670.50 1 2704 DF 2.004948 2.043981 -0.039033
EV 2692.20 1 2705 FD 1.009678 1.009298 +0.000380
EV 2700.28 0 2701 FD 1.649709 1.650000 -0.000291
EV 2703.28 0 2702 DF 2.041844 2.245277 -0.203433
EV 2710.44 0 2701 FD 1.649930 1.650000 -0.000070
EV 2716.06 1 2704 DF 2.123385 2.126723 -0.003339
EV 2735.32 1 2704 DF 2.211816 2.268461 -0.056645
EV 2736.22 0 2700 FD 1.649634 1.648022 +0.001612
EV 2742.84 0 2702 DF 2.200743 2.208346 -0.007603
EV 2760.64 1 2704 DF 2.233066 2.241113 -0.008046
EV 2761.74 0 2702 DF 2.258674 2.230769 +0.027905
EV 2781.58 0 2700 FD 1.649715 1.650000 -0.000285
EV 2784.94 1 2705 DF 1.713942 1.714759 -0.000817
EV 2785.24 0 2702 DF 2.319851 2.268461 +0.051391
EV 2786.02 0 2701 FD 1.648548 1.650000 -0.001452
EV 2795.64 1 2703 FD 1.645211 1.642118 +0.003093
EV 2796.78 0 2700 FD 1.648939 1.648022 +0.000917
EV 2803.56 0 2702 FD 1.337093 1.285848 +0.051245
EV 2803.56 0 2702 DF 2.350042 2.259975 +0.090067
EV 2834.02 0 2702 DF 2.266777 2.307447 -0.040671
EV 2838.34 1 2704 DF 2.369759 2.391950 -0.022191
EV 2856.56 0 2701 FD 1.649125 1.648022 +0.001103
EV 2863.58 0 2702 DF 2.245715 2.204317 +0.041398
EV 2871.06 1 2705 DF 1.663532 1.669737 -0.006206
EV 2887.82 1 2705 FD 0.983773 0.982611 +0.001162
EV 2891.74 1 2704 DF 2.322696 2.430439 -0.107743
EV 2905.10 1 2705 FD 0.973038 0.972189 +0.000848
EV 2933.46 1 2704 DF 2.250158 2.255756 -0.005598
EV 2939.92 1 2705 FD 0.957292 0.957966 -0.000673
EV 2948.86 1 2705 DF 1.657941 1.657143 +0.000798
EV 2959.76 0 2702 DF 2.234264 2.264210 -0.029946
EV 2995.44 1 2704 DF 2.279941 2.303050 -0.023109
EV 3025.92 1 2704 FD 1.313587 1.319156 -0.005569
EV 3025.92 1 2704 DF 2.308728 2.318516 -0.009788
EV 3027.04 0 2702 DF 2.280599 2.303050 -0.022451
EV 3049.92 1 2703 FD 1.613424 1.605683 +0.007741
EV 3058.76 1 2705 DF 1.665814 1.658280 +0.007534
EV 3067.06 1 2705 FD 0.980829 0.988261 -0.007432
EV 3073.52 0 2700 FD 1.648517 1.648022 +0.000495
EV 3074.14 1 2704 FD 1.334713 1.334520 +0.000193
EV 3074.14 1 2704 DF 2.345859 2.345519 +0.000340
EV 3085.18 0 2702 DF 2.365992 2.373159 -0.007167
EV 3088.10 0 2701 FD 1.649405 1.650000 -0.000595
EV 3088.72 0 2700 FD 1.649039 1.650000 -0.000961
EV 3090.92 0 2702 DF 2.244208 2.687176 -0.442967
EV 3093.10 1 2703 FD 1.522874 1.525518 -0.002644
EV 3093.10 1 2703 DF 2.676567 2.681213 -0.004646
EV 3098.26 0 2701 FD 1.648620 1.648022 +0.000598
EV 3135.50 1 2704 DF 2.295654 2.320743 -0.025089
EV 3140.18 1 2703 FD 1.614830 1.615114 -0.000283
EV 3141.24 1 2704 FD 1.402286 1.401155 +0.001131
EV 3141.24 1 2704 DF 2.464623 2.462636 +0.001988
EV 3144.58 1 2705 DF 1.671599 1.672048 -0.000449
EV 3177.98 1 2705 FD 0.975046 0.975639 -0.000593
EV 3210.30 1 2704 DF 2.315102 2.435338 -0.120236
EV 3214.02 0 2701 FD 1.649946 1.650000 -0.000054
EV 3229.62 0 2700 FD 1.644602 1.646049 -0.001447
EV 3230.38 1 2705 DF 1.642612 1.648102 -0.005489
EV 3233.46 0 2702 DF 2.193597 2.249457 -0.055860
EV 3240.60 1 2704 DF 2.234230 2.251553 -0.017323
EV 3252.86 1 2704 FD 1.301271 1.312858 -0.011587
EV 3252.86 1 2704 DF 2.287082 2.307447 -0.020365
EV 3265.28 1 2704 DF 2.307927 2.338710 -0.030782
EV 3265.78 0 2700 FD 1.649764 1.648022 +0.001741
EV 3270.62 0 2702 DF 2.245417 2.180451 +0.064966
EV 3283.70 1 2704 DF 2.258739 2.298668 -0.039930
EV 3311.14 0 2702 FD 1.479086 1.466927 +0.012159
EV 3316.70 1 2705 DF 1.660814 1.665136 -0.004322
EV 3326.04 1 2704 DF 2.329784 2.296484 +0.033300
EV 3350.00 1 2704 DF 2.328068 2.354661 -0.026593
EV 3389.50 1 2704 FD 1.545397 1.539179 +0.006218
EV 3413.64 1 2704 DF 2.334701 2.350081 -0.015380
EV 3419.48 1 2705 DF 1.684240 1.683697 +0.000543
EV 3436.76 1 2704 FD 1.421879 1.419966 +0.001914
EV 3436.76 1 2704 DF 2.499061 2.495697 +0.003364
EV 3451.84 1 2705 FD 1.018131 1.021292 -0.003161
EV 3466.14 1 2703 FD 1.591969 1.581672 +0.010298
EV 3469.00 1 2705 FD 0.940340 0.946752 -0.006413
EV 3492.28 0 2700 FD 1.648374 1.648022 +0.000352
EV 3496.44 1 2705 DF 1.590737 1.589564 +0.001173
EV 3497.26 0 2702 DF 2.243521 2.220521 +0.023000
EV 3550.46 0 2702 DF 2.270796 2.309653 -0.038856
EV 3566.82 1 2705 DF 1.666139 1.666284 -0.000145
EV 3572.84 0 2700 FD 1.649737 1.650000 -0.000263
EV 3572.84 0 2700 DF 2.899538 2.900000 -0.000462
EV 3587.00 1 2703 FD 1.649646 1.650000 -0.000354
EV 3591.68 1 2705 FD 0.954641 0.986842 -0.032201
EV 3609.74 0 2702 DF 2.298406 2.331940 -0.033533
EV 3628.42 1 2705 DF 1.588914 1.591658 -0.002743
EV 3667.02 1 2704 DF 2.305975 2.391950 -0.085975
EV 3683.04 1 2703 FD 1.524445 1.520457 +0.003988
EV 3690.12 1 2705 DF 1.610571 1.613980 -0.003410
EV 3690.42 1 2704 FD 1.412419 1.408330 +0.004089
EV 3690.42 1 2704 DF 2.482434 2.475248 +0.007186
EV 3708.32 1 2704 FD 1.331266 1.324238 +0.007029
EV 3708.32 1 2704 DF 2.339802 2.327448 +0.012354
EV 3730.90 0 2702 DF 2.315003 2.361564 -0.046560
EV 3733.58 1 2705 FD 0.952651 0.953316 -0.000665
EV 3760.40 1 2705 DF 1.630274 1.631413 -0.001139
EV 3763.54 1 2704 DF 2.313608 2.314076 -0.000468
EV 3794.22 0 2700 FD 1.649467 1.650000 -0.000533
EV 3795.94 0 2702 DF 2.183524 2.115553 +0.067971
EV 3805.88 1 2704 DF 2.280904 2.307447 -0.026543
EV 3832.62 0 2702 FD 1.384911 1.388421 -0.003510
EV 3832.62 0 2702 DF 2.434087 2.440256 -0.006169
EV 3853.68 1 2704 FD 1.394578 1.387021 +0.007557
EV 3853.68 1 2704 DF 2.451076 2.437794 +0.013282
EV 3855.28 1 2705 DF 1.679253 1.686047 -0.006794
EV 3886.84 1 2703 FD 1.640839 1.646049 -0.005211
EV 3905.02 0 2700 FD 1.649712 1.650000 -0.000288
EV 3909.40 1 2703 FD 1.464206 1.456054 +0.008153
EV 3909.40 1 2703 DF 2.573454 2.559125 +0.014329
EV 3910.08 0 2702 DF 2.304047 2.236964 +0.067083
EV 3940.60 1 2705 DF 1.660422 1.661701 -0.001278
EV 3943.28 1 2704 DF 2.307720 2.465148 -0.157428
EV 3945.38 0 2700 FD 1.646797 1.648022 -0.001225
EV 3957.28 0 2702 DF 2.367876 2.391950 -0.024074
EV 3965.94 0 2700 FD 1.649353 1.650000 -0.000647
EV 3974.08 1 2705 FD 0.987842 0.988261 -0.000418
EV 4028.62 0 2702 DF 2.291637 2.300857 -0.009220
EV 4035.16 1 2705 FD 0.954579 0.953316 +0.001262
EV 4035.16 1 2705 DF 1.677744 1.675526 +0.002218
EV 4040.06 0 2702 FD 1.442411 1.445340 -0.002929
EV 4040.06 0 2702 DF 2.535146 2.540294 -0.005148
EV 4085.52 1 2704 DF 2.229900 2.377829 -0.147928
EV 4085.98 1 2705 FD 0.987935 0.986842 +0.001093
EV 4086.78 0 2702 DF 2.354157 2.331940 +0.022217
EV 4110.18 1 2704 FD 1.374610 1.326793 +0.047817
EV 4110.18 1 2704 DF 2.415981 2.331940 +0.084042
EV 4110.36 1 2703 FD 1.489479 1.482746 +0.006733
EV 4110.36 1 2703 DF 2.617873 2.606039 +0.011834
EV 4112.18 1 2705 DF 1.677096 1.676688 +0.000408
EV 4129.26 0 2702 FD 1.380607 1.364990 +0.015617
EV 4129.26 0 2702 DF 2.426522 2.399073 +0.027448
EV 4144.88 1 2705 FD 0.995562 0.996858 -0.001296
EV 4159.12 0 2702 DF 2.260072 2.325208 -0.065137
EV 4159.12 1 2704 DF 2.232665 2.268461 -0.035795
EV 4181.80 0 2702 FD 1.494925 1.449912 +0.045013
EV 4206.44 0 2702 DF 2.332418 2.352369 -0.019950
EV 4211.92 1 2704 FD 1.442813 1.389825 +0.052988
EV 4211.92 1 2704 DF 2.535852 2.442722 +0.093130
EV 4221.26 1 2705 DF 1.733961 1.734450 -0.000489
EV 4229.42 1 2704 FD 1.296895 1.299213 -0.002318
EV 4229.42 1 2704 DF 2.279391 2.283465 -0.004074
EV 4242.62 0 2702 FD 1.314045 1.294321 +0.019724
EV 4242.62 0 2702 DF 2.309534 2.274867 +0.034667
EV 4261.36 1 2704 DF 2.260533 2.210366 +0.050167
EV 4261.68 0 2702 DF 2.183730 2.157096 +0.026634
EV 4268.00 0 2700 FD 1.649992 1.650000 -0.000008
EV 4269.20 1 2705 FD 1.028686 1.028935 -0.000248
EV 4273.08 0 2702 FD 1.371110 1.366346 +0.004763
EV 4277.72 1 2705 FD 0.976815 0.974947 +0.001868
EV 4313.12 1 2705 DF 1.673154 1.673206 -0.000052
EV 4355.64 1 2703 FD 1.618793 1.611328 +0.007465
EV 4363.54 1 2705 FD 0.946440 0.949367 -0.002928
EV 4384.58 1 2703 FD 1.399842 1.398305 +0.001537
EV 4384.58 1 2703 DF 2.460328 2.457627 +0.002701
EV 4385.90 0 2701 FD 1.649848 1.650000 -0.000152
EV 4387.22 1 2704 DF 2.322399 2.373159 -0.050760
EV 4390.18 1 2703 FD 1.453042 1.473214 -0.020172
EV 4390.18 1 2703 DF 2.553831 2.589286 -0.035454
EV 4390.70 1 2705 DF 1.657163 1.638048 +0.019116
EV 4415.70 1 2705 FD 0.992238 0.993258 -0.001020
EV 4428.80 1 2704 DF 2.337891 2.352369 -0.014477
EV 4428.86 0 2702 DF 2.368379 2.361564 +0.006815
EV 4457.82 1 2703 FD 1.568283 1.581672 -0.013389
EV 4476.90 1 2705 DF 1.577461 1.580209 -0.002748
EV 4529.24 1 2705 FD 0.957349 0.960643 -0.003294
EV 4538.28 1 2705 DF 1.617967 1.615059 +0.002908
EV 4544.68 0 2700 FD 1.648343 1.646049 +0.002293
EV 4548.22 1 2704 FD 1.513105 1.520457 -0.007352
EV 4548.56 0 2702 DF 2.303511 2.298668 +0.004843
EV 4577.40 0 2702 FD 1.328739 1.330645 -0.001906
EV 4577.40 0 2702 DF 2.335359 2.338710 -0.003351
EV 4607.54 0 2702 DF 2.235951 2.230769 +0.005182
EV 4607.58 1 2704 DF 2.217909 2.277010 -0.059101
EV 4637.60 0 2702 DF 2.305016 2.279157 +0.025858
EV 4640.00 1 2705 DF 1.722015 1.722090 -0.000076
EV 4649.50 1 2703 FD 1.649914 1.650000 -0.000086
EV 4680.52 0 2702 DF 2.293477 2.287788 +0.005689
EV 4710.82 0 2702 DF 2.237505 2.305246 -0.067741
EV 4748.50 1 2705 DF 1.715599 1.713543 +0.002056
EV 4760.20 1 2704 FD 1.428622 1.424378 +0.004243
EV 4760.20 1 2704 DF 2.510911 2.503453 +0.007458
EV 4764.30 1 2705 FD 1.044086 1.047752 -0.003666
EV 4793.84 0 2702 DF 2.330273 2.354661 -0.024387
EV 4846.62 0 2700 FD 1.645804 1.646049 -0.000245
EV 4856.90 1 2705 FD 0.976634 0.977025 -0.000391
EV 4856.90 1 2705 DF 1.716508 1.717196 -0.000688
EV 4891.98 0 2700 FD 1.649272 1.650000 -0.000728
EV 4893.40 0 2702 DF 2.125302 2.370831 -0.245529
EV 4894.74 1 2704 DF 2.357442 2.408638 -0.051196
EV 4915.56 1 2705 FD 0.989078 0.988971 +0.000106
EV 4929.34 0 2702 DF 2.271621 2.296484 -0.024863
EV 4966.54 1 2705 DF 1.719766 1.723318 -0.003552
EV 4971.22 0 2702 FD 1.319849 1.329359 -0.009510
EV 4971.22 0 2702 DF 2.319735 2.336449 -0.016714
EV 4974.44 1 2705 FD 1.043170 1.043775 -0.000605
EV 4977.60 0 2700 FD 1.649346 1.650000 -0.000654
EV 4983.00 1 2704 DF 2.211769 2.253652 -0.041883
EV 4983.94 0 2702 DF 2.178213 2.117407 +0.060806
EV 4994.58 1 2704 FD 1.448761 1.446861 +0.001900
HB FD 1.290 104
HB FD 1.310 263
HB FD 1.330 602
HB FD 1.610 6597
HB FD 1.350 1210
HB FD 1.630 8634
HB FD 1.370 1962
HB FD 1.390 2774
HB FD 1.650 3688
HB DF 1.810 1
HB DF 1.830 5
HB DF 1.850 4
HB DF 1.870 7
HB DF 1.890 3
HB DF 1.910 6
HB DF 1.930 5
HB DF 1.950 6
HB DF 1.970 13
HB DF 1.990 13
HB DF 2.210 379
HB DF 2.230 622
HB DF 2.250 1043
HB DF 2.270 1693
HB DF 2.290 2519
HB DF 2.310 3526
HB DF 2.330 4627
HB DF 2.350 5629
HB DF 2.610 1245
HB DF 2.630 876
HB DF 2.370 5899
HB DF 2.650 633
HB DF 2.390 3546
HB DF 2.670 268
HB DF 2.690 61
HB DF 2.710 70
HB DF 2.730 63
HB DF 2.750 63
HB DF 2.770 73
HB DF 2.790 73
HB FD 1.050 2
HB FD 1.070 3
HB FD 1.090 2
HB FD 1.110 8
HB FD 1.130 9
HB FD 1.150 9
HB FD 1.410 3425
HB FD 1.170 15
HB FD 1.430 3804
HB FD 1.190 14
HB FD 1.450 4067
HB FD 1.470 3966
HB FD 1.490 3933
HB FD 1.510 3908
HB FD 1.530 3848
HB FD 1.550 4181
HB FD 1.570 4545
HB FD 1.590 5136
HB DF 1.730 1
HB DF 1.750 1
HB DF 1.770 2
HB DF 1.790 3
HB DF 2.010 12
HB DF 2.030 22
HB DF 2.050 25
HB DF 2.070 31
HB DF 2.090 22
HB DF 2.110 52
HB DF 2.130 86
HB DF 2.150 126
HB DF 2.410 1062
HB DF 2.170 198
HB DF 2.430 1246
HB DF 2.450 1574
HB DF 2.190 257
HB DF 2.470 1669
HB DF 2.490 1739
HB DF 2.510 1755
HB DF 2.530 1768
HB DF 2.810 70
HB DF 2.550 1679
HB DF 2.830 93
HB DF 2.570 1613
HB DF 2.850 101
HB DF 2.590 1429
HB DF 2.870 117
HB DF 2.890 103
HB FD 1.210 21
HB FD 1.230 31
HB FD 1.250 40
HB FD 1.270 62
SUM obj T0 FD n=89 resid_mean=+0.003327 resid_rms=0.013499
SUM obj T0 DF n=105 resid_mean=-0.005118 resid_rms=0.060125
SUM obj T1 FD n=100 resid_mean=+0.003287 resid_rms=0.014373
SUM obj T1 DF n=100 resid_mean=-0.013819 resid_rms=0.038789
SUM pooled FD n=189 resid_mean=+0.003306 resid_rms=0.013968
SUM pooled DF n=205 resid_mean=-0.009362 resid_rms=0.051034
SUM bath DF n=49827
SUM bath FD n=66863
