# frame 24 t=120.00 rho=4.377  (phi_deg |Phi|^2 argPhi0 u0 v0)
    0.0  6.95695e-01   -0.3400  +4.51598e-01  -1.59758e-01
   11.2  6.08224e-01   -0.1907  +4.38553e-01  -8.46815e-02
   22.5  6.29516e-01   +0.1172  +4.49651e-01  +5.29451e-02
   33.8  6.66298e-01   +0.3896  +4.30979e-01  +1.76944e-01
   45.0  7.67619e-01   +0.5291  +4.32351e-01  +2.52817e-01
   56.2  8.43438e-01   +0.6525  +4.17962e-01  +3.19408e-01
   67.5  9.90146e-01   +0.8299  +3.86096e-01  +4.22100e-01
   78.8  1.05729e+00   +0.9864  +3.27506e-01  +4.95070e-01
   90.0  1.09633e+00   +1.0621  +2.94954e-01  +5.28928e-01
  101.2  1.13770e+00   +1.2145  +2.15997e-01  +5.80318e-01
  112.5  1.16483e+00   +1.4112  +9.99065e-02  +6.20729e-01
  123.7  1.16021e+00   +1.6220  -3.21677e-02  +6.27665e-01
  135.0  1.14348e+00   +1.7707  -1.23880e-01  +6.11454e-01
  146.3  1.11171e+00   +1.9268  -2.14165e-01  +5.75897e-01
  157.5  1.02463e+00   +2.2043  -3.47922e-01  +4.73697e-01
  168.7  8.40935e-01   +2.5027  -4.25164e-01  +3.15844e-01
  180.0  7.70135e-01   +2.6456  -4.44560e-01  +2.40548e-01
  191.3  5.99786e-01   +2.9430  -4.34802e-01  +8.74877e-02
  202.5  6.18475e-01   -3.0325  -4.46043e-01  -4.88671e-02
  213.7  6.52957e-01   -2.7600  -4.27993e-01  -1.71743e-01
  225.0  7.53859e-01   -2.6202  -4.30399e-01  -2.47204e-01
  236.3  8.30026e-01   -2.4966  -4.17025e-01  -3.13761e-01
  247.5  9.79502e-01   -2.3184  -3.86868e-01  -4.17273e-01
  258.8  1.04877e+00   -2.1609  -3.28972e-01  -4.91241e-01
  270.0  1.11585e+00   -2.0072  -2.58733e-01  -5.54740e-01
  281.2  1.13265e+00   -1.9306  -2.17526e-01  -5.78202e-01
  292.5  1.16155e+00   -1.7320  -1.00778e-01  -6.19552e-01
  303.8  1.15790e+00   -1.5193  +3.23240e-02  -6.26874e-01
  315.0  1.14193e+00   -1.3693  +1.24761e-01  -6.10689e-01
  326.2  1.11101e+00   -1.2117  +2.15807e-01  -5.74927e-01
  337.5  1.02565e+00   -0.9324  +3.50358e-01  -4.72122e-01
  348.8  8.45330e-01   -0.6324  +4.28281e-01  -3.13859e-01
# n=1 mode: A_u=4.84038e-01 (phase -30.4 deg)  A_v=6.20324e-01 (phase -111.7 deg)
# rotating ring: A_v/A_u=1, dphase=90; standing: A_v/A_u->0 or dphase->0
# A_v/A_u = 1.2816   mean|u0|=3.1669e-01 mean|v0|=3.9585e-01
