# frame 0 t=0.00 rho=6.743  (phi_deg |Phi|^2 argPhi0 u0 v0)
    0.0  3.36093e-02   -0.8058  +7.28469e-02  -7.58783e-02
   11.2  1.11759e-02   -0.8057  +4.13385e-02  -4.30483e-02
   22.5  1.46566e-03   -0.8050  +1.44254e-02  -1.50014e-02
   33.8  3.08716e-04   -0.8051  +5.87679e-03  -6.11284e-03
   45.0  4.44835e-06   +2.3352  -1.03213e-03  +1.07651e-03
   56.2  3.08716e-04   +2.3361  -8.48628e-03  +8.83422e-03
   67.5  1.46566e-03   +2.3364  -1.71198e-02  +1.78111e-02
   78.8  1.11759e-02   +2.3359  -4.48268e-02  +4.66849e-02
   90.0  3.36093e-02   +2.3358  -7.58926e-02  +7.90528e-02
  101.2  3.05249e-01   +2.3352  -2.22592e-01  +2.32149e-01
  112.5  9.18973e-01   +2.3349  -3.83377e-01  +4.00031e-01
  123.7  1.18353e+00   +2.3348  -4.34601e-01  +4.53625e-01
  135.0  1.23459e+00   +2.3347  -4.43763e-01  +4.63248e-01
  146.3  1.18199e+00   +2.3348  -4.34245e-01  +4.53262e-01
  157.5  9.13597e-01   +2.3349  -3.82031e-01  +3.98644e-01
  168.7  3.00268e-01   +2.3351  -2.18899e-01  +2.28312e-01
  180.0  6.26965e-02   +2.3356  -9.99924e-02  +1.04200e-01
  191.3  1.09791e-02   +2.3359  -4.11270e-02  +4.28306e-02
  202.5  1.43644e-03   +2.3366  -1.43719e-02  +1.49463e-02
  213.7  3.02159e-04   +2.3366  -5.89085e-03  +6.12622e-03
  225.0  4.03205e-06   -0.8075  +9.81550e-04  -1.02595e-03
  236.3  3.02159e-04   -0.8058  +8.35892e-03  -8.70631e-03
  247.5  1.43644e-03   -0.8054  +1.69189e-02  -1.76088e-02
  258.8  1.09791e-02   -0.8058  +4.43882e-02  -4.62409e-02
  270.0  3.30196e-02   -0.8059  +7.52060e-02  -7.83539e-02
  281.2  3.00268e-01   -0.8065  +2.20758e-01  -2.30262e-01
  292.5  9.13597e-01   -0.8067  +3.82269e-01  -3.98896e-01
  303.8  1.18199e+00   -0.8068  +4.34313e-01  -4.53336e-01
  315.0  1.23459e+00   -0.8069  +4.43769e-01  -4.63252e-01
  326.2  1.18353e+00   -0.8068  +4.34512e-01  -4.53533e-01
  337.5  9.18973e-01   -0.8067  +3.83106e-01  -3.99749e-01
  348.8  3.05249e-01   -0.8064  +2.20546e-01  -2.30019e-01
# n=1 mode: A_u=3.18385e-01 (phase 45.1 deg)  A_v=3.32219e-01 (phase -134.9 deg)
# rotating ring: A_v/A_u=1, dphase=90; standing: A_v/A_u->0 or dphase->0
# A_v/A_u = 1.0435   mean|u0|=1.7587e-01 mean|v0|=1.8350e-01
